397
-408
-354
-171
463
-488
-213
487
-170
314
2
391
415
377
9
-208
39
400
15
-413
-183
136
-99
-11
485
-204
-415
-361
-325
-25
-477
169
109
-492
178
-172
67
14
244
242
-467
178
-452
-261
-482
135
-398
-351
482
-420
220
346
-315
-11
221
-2
143
315
-221
-275
-268
-225
-228
207
480
149
275
448
-233
191
-375
180
-337
388
-362
339
11
-153
143
-305
-24
-121
-231
297
50
-271
-264
-311
355
-337
256
21
-112
-124
23
339
466
-43
-489
296
-185
485
480
311
-365
-430
407
95
-256
316
-206
253
305
-144
347
-441
45
268
433
-141
-259
-354
-260
-209
295
-490
-494
-283
302
482
-277
467
-71
-318
-34
-185
-214
-335
-191
367
-335
482
389
-423
186
-192
418
-67
-152
-274
-359
-438
488
358
1
-221
-478
-198
264
-173
-392
250
-312
18
-53
473
147
438
79
-470
-125
-452
274
379
381
210
-481
460
-154
-29
-52
363
193
-451
395
415
-30
110
294
13
401
122
-68
-454
-161
-59
-24
-40
-438
-451
481
-38
-91
-250
94
-500
-60
-196
-339
-72
19
447
-374
-178
117
109
-395
250
-365
317
-418
370
-219
-181
-56
-226
185
37
-316
-401
-249
309
-40
389
99
374
-316
-22
189
-486
212
103
-288
402
175
219
-173
-115
125
92
135
118
424
-355
484
-432
-251
-202
55
142
-159
274
-61
102
-111
-1
-426
-76
330
-13
-249
-374
-480
-205
-228
369
235
36
410
-106
-317
420
9
-232
271
417
237
394
8
184
-205
-70
429
476
-445
-118
142
106
165
135
-77
-301
116
-144
-433
-146
-188
-226
497
-388
-58
86
-448
373
123
-432
185
-191
379
-64
288
-122
8
293
-229
324
256
474
213
465
-140
-431
-215
-78
-318
-144
61
427
-311
-446
-44
-395
-453
-152
315
-433
155
491
-152
-260
-73
-295
221
265
167
246
298
340
-309
-173
-359
-442
358
383
57
-377
110
-499
-428
-126
-168
-412
-243
-418
-408
441
274
416
189
378
240
-60
437
483
124
-43
26
67
-128
-271
-59
175
35
-226
375
442
374
-279
-299
-302
-279
-327
-348
11
352
-283
206
-20
-271
407
-252
386
455
-245
439
-113
-5
14
-62
-364
-367
-467
24
-239
213
-8
61
293
-287
454
-225
-344
-50
-346
340
34
-13
-344
-66
210
64
273
-162
290
488
-325
271
-417
-74
-483
-202
-472
236
-258
-415
150
248
-498
447
1
-454
273
-285
-267
-47
-493
171
3
-7
336
-295
-24
249
-363
-31
-305
-415
363
357
139
-467
257
84
-79
133
-18
475
-178
-432
-322
-138
325
476
-118
-357
203
-310
-489
-166
369
-496
362
-489
-299
240
-340
-484
-73
319
149
475
-175
462
-259
81
-321
-451
-34
-5
-497
78
433
-444
-262
-286
123
-499
363
-357
424
496
90
264
-71
360
-102
-26
-437
-107
-20
21
-119
-228
442
-158
77
-56
-306
-377
454
195
197
-137
137
453
411
-180
116
273
-126
159
-188
71
-38
-186
250
430
-418
-124
396
-140
297
196
436
-365
145
35
106
77
-131
-219
-38
-345
331
200
284
-447
15
361
100
-423
397
26
448
200
352
-332
411
-252
-3
-288
451
132
371
-495
378
-149
-274
90
361
-100
418
228
-11
135
342
416
-475
-352
441
-460
266
295
-378
-248
320
-401
372
112
269
148
-206
342
128
412
69
450
80
-358
383
-397
5
450
330
-348
-198
272
49
-332
359
-245
-366
419
126
218
167
-284
-405
436
281
78
44
-244
356
66
-335
406
-307
-181
-250
132
205
74
85
-344
39
296
-461
-184
-323
312
-385
-298
450
244
-459
-450
141
292
-17
78
-141
-306
-422
324
-318
48
-164
475
149
-16
-484
-396
346
-117
-372
-315
24
179
-54
164
154
-198
146
439
-470
-148
37
-115
-18
-325
363
-273
-110
63
-313
153
282
399
-394
124
323
116
57
450
173
353
145
-363
5
362
0
-166
177
-18
139
214
-476
143
223
493
402
-361
136
44
-414
135
-432
-459
-456
66
262
-447
-25
-104
-115
105
-118
264
77
-71
-479
-234
296
457
-83
-457
-257
353
-366
-29
-208
130
475
-405
201
-384
-393
103
-485
-429
419
-212
-303
-175
381
248
-237
-180
-156
430
-295
95
-471
455
47
-444
-67
480
-357
-500
-269
-36
388
-216
29
-410
-442
-170
191
343
-379
467
-425
48
375
6
391
481
-37
192
454
76
438
38
-116
-385
-216
474
425
455
185
150
378
-56
355
-58
185
178
418
-471
-193
-493
10
-293
-335
391
-242
-446
132
-477
-96
392
-207
-241
420
423
-64
26
-455
-116
-121
476
148
451
181
-313
482
-210
-189
235
396
227
-498
-206
-474
-23
-173
-409
308
391
-435
235
88
-76
489
-473
144
385
-275
56
-275
-82
15
322
-31
-52
244
105
-311
367
-259
62
126
414
-96
-149
188
282
149
267
423
-282
-471
125
317
417
51
147
372
-498
3
426
-149
-55
-400
124
-240
-446
327
-268
62
391
298
-12
206
-293
242
-23
-90
-244
-292
379
114
223
449
-39
-311
-483
-444
-474
496
-334
-106
41
-442
-12
401
41
-160
264
-410
143
263
-302
35
460
61
-284
-85
-487
-381
271
-115
-361
-352
26
237
-287
169
-201
-64
431
304
-15
-300
-194
266
-344
-101
140
-189
255
460
470
252
448
-3
368
366
-3
302
245
109
-465
-208
-87
-161
8
-105
-412
205
24
342
358
489
425
-307
85
-468
196
298
-14
124
21
-255
500
286
391
59
-253
-487
-395
-232
443
-138
-163
17
383
-393
-103
-253
-414
-462
-241
-42
2
364
-141
220
-340
-214
303
-124
283
-221
67
-81
-200
-327
33
388
494
102
-162
170
383
134
200
379
-175
-187
-224
-67
170
28
9
114
-45
-447
407
268
-147
439
-220
199
-179
215
381
-72
-309
-467
321
-33
-66
-384
-152
-87
-282
-388
-109
130
119
371
-235
-327
-45
30
127
-239
-2
-172
487
-149
-440
388
412
-238
76
-40
334
34
-267
-386
467
-234
-395
-323
162
356
109
-360
490
306
147
24
314
342
-56
495
-95
496
-287
-116
481
363
238
-301
-62
55
-274
436
-257
333
-266
316
390
-35
-281
-206
130
-482
-91
285
-421
189
-161
474
-173
221
30
-146
-187
195
-198
-164
-168
-249
-4
-76
-474
-357
149
227
-339
-35
281
386
208
-195
-209
435
-385
404
-156
319
265
-419
-31
136
-432
433
-18
261
-41
-72
102
-293
377
-99
2
492
259
93
238
-376
-126
454
-356
308
352
4
-471
-2
-338
-178
369
112
275
-360
340
15
-480
328
462
68
-433
385
352
-412
-202
-241
-146
375
376
-170
-64
-25
91
437
472
101
357
-413
451
305
17
-175
-202
-31
443
352
486
-391
399
-393
-299
287
-320
-373
-456
-197
-461
-189
280
328
361
-178
357
-220
337
54
334
157
-111
412
-305
69
-376
17
-334
127
-127
-211
299
126
100
-314
380
37
-446
-345
290
-93
-481
68
-327
-75
120
-323
-212
-415
-460
-44
-412
105
-400
-428
438
-186
-492
-261
-358
13
313
-297
-371
477
326
-390
-270
320
442
-180
-182
-461
-418
-115
-446
343
-325
-172
-197
-482
217
-168
-380
-395
-451
-407
-45
400
-136
483
-388
-100
236
190
270
454
138
423
34
-311
183
-15
-288
-463
-6
385
-319
-322
-185
485
157
270
204
378
313
482
-272
386
438
-396
74
-152
182
-219
148
330
-354
-27
-398
337
157
121
-103
383
-218
484
327
-200
-60
-68
-235
119
497
-156
-165
249
329
496
-249
110
478
443
301
334
484
289
204
110
-304
-285
-14
38
-338
-134
-154
-421
335
-215
311
352
118
250
-16
371
-429
-257
206
-266
273
-453
-142
312
-115
455
10
240
-233
-223
269
258
-83
-133
-115
-432
-445
400
42
334
20
-89
-241
-12
-201
288
-402
120
232
-135
-10
273
166
88
268
352
138
488
322
-323
-404
-407
243
-332
161
-61
-472
310
-381
-218
83
358
310
9
-221
308
-276
227
-495
31
-376
-298
-347
376
-349
467
367
288
-448
119
-48
-332
-460
-148
312
-87
-303
-160
242
375
-87
-307
441
324
-392
-143
-263
169
-443
110
-254
131
-307
420
46
499
428
396
314
-463
-47
-133
376
-52
496
366
-456
326
-273
106
181
378
157
190
245
-177
-13
408
22
66
-252
122
1
304
-239
-257
-482
321
-352
299
-37
-418
255
487
431
-31
292
-23
421
193
-131
-10
53
107
-346
-99
262
418
63
-186
400
-293
-173
-119
-12
499
74
156
89
112
-412
457
-484
-179
-338
-262
-388
309
209
356
56
307
69
-435
281
-371
110
-379
286
-383
-353
-471
238
-160
-266
-449
408
394
34
14
334
-153
136
-480
484
310
-391
411
-134
289
-86
389
162
-136
-312
60
-213
478
326
-96
64
375
-12
198
163
-168
-203
-262
119
-417
-247
123
-367
-478
274
399
74
196
251
-228
443
25
244
414
28
356
-291
245
-437
-326
-79
-110
-495
462
383
-85
273
257
107
86
486
-204
-251
-219
-16
-238
207
294
-296
-359
330
297
-228
-122
424
206
-260
335
-14
376
328
345
255
-82
193
295
281
-113
8
-76
-400
-323
-364
314
230
487
151
-306
416
-407
164
153
-31
339
-173
-492
-61
87
92
19
-481
-113
-153
290
-186
398
489
-438
186
34
-231
463
10
-499
75
276
161
-177
-243
334
-183
303
84
56
180
-186
198
-152
212
-50
124
-231
418
-29
244
-138
9
-279
6
-402
111
-139
-30
-257
-29
237
352
-290
-195
96
-121
-460
374
13
-242
267
77
274
48
169
-429
-61
387
-76
431
221
-26
167
421
105
59
275
145
-59
228
-189
345
497
139
-255
-44
-392
-262
-460
110
-343
381
170
420
90
485
162
439
-419
-161
160
-321
-251
-267
-402
272
-73
54
-212
-221
54
435
-240
-457
138
136
380
-262
78
-491
-329
-292
4
-409
-461
56
414
373
-417
353
-261
-156
-63
-174
-266
12
-149
33
-108
344
-214
165
227
331
232
59
408
423
-469
-466
-459
213
342
-76
104
-206
-487
-308
-60
-33
-260
290
69
-163
272
131
-194
294
-487
-243
199
175
231
-362
-139
170
-308
94
-115
-403
489
455
0
155
-253
408
-181
-46
164
211
254
-396
56
-213
-275
19
239
-313
318
500
-209
454
-87
38
364
450
-481
134
254
-51
344
342
21
-286
203
69
-149
-341
30
-220
-453
117
-87
-459
-207
-277
-358
250
-164
-52
-454
229
-1
305
432
-489
-288
-323
168
115
326
189
207
333
441
110
-53
-233
416
-233
280
64
-484
-237
166
-454
-427
211
486
314
-280
427
16
-111
-120
177
31
-341
351
353
46
287
-48
487
-150
34
462
379
-283
-200
-53
-27
138
357
45
471
382
-5
208
406
-87
219
-111
148
442
-101
-306
188
-398
246
-137
383
291
-143
361
454
70
-117
500
-311
293
28
478
-85
-56
360
-7
378
336
487
-206
-216
-50
-235
-59
-105
-326
-364
-300
412
-30
-41
88
-260
-98
118
497
449
85
298
229
-24
-22
-487
-205
-233
-48
114
-245
305
373
-301
-402
-402
180
401
-6
249
-209
452
-414
215
-164
-421
92
-383
115
-17
-35
433
96
-193
-256
20
310
119
92
432
-342
-224
-22
405
-188
234
166
-37
-235
-262
-128
87
485
419
423
-298
155
425
-332
-367
389
102
74
58
429
-100
-375
-287
80
204
101
324
-393
405
-94
466
307
-480
-384
-469
300
-103
492
-6
-416
-128
-86
-246
-269
-496
-461
-455
273
144
-405
-102
223
-266
361
-330
359
-421
141
247
-71
43
46
170
417
-415
223
480
421
-258
-113
-491
0
442
-76
-129
-381
-41
-255
383
-49
-90
128
169
-424
-140
342
353
-61
-72
-184
-427
339
-303
-353
-289
-64
-146
-58
-109
357
234
186
-272
-188
82
118
-213
-27
281
-429
-382
77
401
-170
90
276
333
488
-206
11
-363
199
-294
-160
-95
-327
-465
-276
-420
96
228
308
-495
-211
-323
-335
54
371
220
-469
-382
296
-233
7
412
194
-41
-83
398
159
363
440
2
441
204
-402
240
-332
165
-103
-31
317
44
302
382
233
466
79
-481
-386
-360
-302
99
-360
292
86
-356
-99
-362
-323
488
280
-140
90
-16
-98
-210
-270
-349
-51
408
-155
394
-481
-49
385
6
263
403
377
-295
-74
295
107
-306
195
274
-129
395
494
-21
-252
233
114
149
353
-284
-250
-351
-180
-192
413
-427
-239
495
-8
-359
-429
392
-283
-179
275
-452
257
402
-201
-95
415
415
-38
-288
307
-370
13
396
-239
395
-337
411
229
110
-282
-309
-273
-62
-121
380
-370
-159
423
-122
63
156
151
177
-7
-168
-442
307
23
-78
335
324
-486
19
-483
-202
-480
-31
-456
-87
349
29
336
266
121
66
-199
-384
-126
-330
-101
-65
400
110
293
-477
405
-336
36
323
-478
-333
432
-362
-212
-380
181
42
297
-451
188
56
-288
138
10
-240
-258
-459
75
75
9
386
93
343
215
327
-461
47
198
-484
94
361
109
-38
114
-292
498
420
-126
228
354
145
-258
-423
62
404
-68
-93
308
46
-52
395
382
-456
62
114
330
246
317
270
171
-341
392
100
138
-393
464
-172
-290
-104
-187
457
468
366
264
-2
223
-156
229
-212
20
-29
97
236
115
-157
222
-170
-300
-174
-476
-83
-21
-44
187
153
439
-285
-30
458
356
-343
-2
228
-382
91
265
-237
312
-164
408
-460
-216
148
-482
-45
-76
-336
-183
-247
-248
-193
323
-417
10
307
-36
-441
324
-209
230
-470
-285
-353
215
-88
-215
446
484
342
-334
169
268
-354
-245
322
-328
166
-379
124
183
188
-303
-197
265
-436
-142
-488
414
-125
-155
-111
130
-139
-437
188
465
441
-331
-68
472
-426
-498
213
-319
-131
-83
471
29
331
107
-246
-81
29
93
-499
-422
267
121
431
-301
-294
98
79
-336
-67
-483
-344
-258
-276
-407
300
449
-489
165
218
184
354
156
-131
13
186
-497
423
303
358
444
424
255
381
-376
-403
168
-59
-49
404
-152
-167
146
-381
15
-254
-356
39
388
176
-167
-395
-134
218
160
461
-499
257
-443
15
-32
-238
-116
-137
251
-13
-298
408
-315
-307
-161
-248
-248
130
-270
275
-112
-322
346
175
-45
196
235
-468
-370
-161
-67
28
255
-15
-17
133
-284
39
233
290
380
-163
-260
187
329
-346
220
398
459
-355
-56
-495
-86
-235
-439
94
-109
237
-322
-463
114
92
28
-379
383
-163
-494
-417
472
-58
-156
-367
443
358
422
5
-43
205
-18
326
95
368
361
-2
182
25
464
231
-213
454
361
170
403
388
2
78
136
-410
-320
211
13
-74
-107
-166
371
-19
351
-219
134
-276
30
-279
430
147
38
407
-236
278
-348
-217
-5
-380
23
443
111
29
378
68
-306
-321
-116
-129
-138
447
-341
354
58
84
433
70
-321
-116
134
-250
-39
255
-421
201
179
220
148
-250
-267
61
-371
246
21
-208
-224
444
28
-76
-172
-32
-257
373
-7
469
178
166
-491
-299
-113
-458
-400
-309
437
379
7
54
-199
473
427
259
61
33
-303
459
-446
-406
-147
281
-14
-146
-85
-344
-398
395
-296
-13
-96
445
137
-155
79
-74
-381
349
247
421
-131
405
-366
358
-369
277
-383
-405
227
226
-210
157
295
-500
-246
4
377
-474
464
-457
-242
237
-244
-394
94
291
292
-65
-263
201
167
216
306
458
246
366
162
421
-390
-202
245
126
460
-184
386
-213
-246
439
-197
165
319
-16
337
-309
181
157
142
-3
65
-269
192
14
-2
372
249
-234
-67
-496
362
447
468
-357
412
216
29
383
-418
-476
-315
-450
382
-308
-143
-252
-140
370
-487
-222
378
392
-16
-209
-305
97
191
-52
-438
-308
-78
280
220
-451
205
477
394
-278
453
-220
257
-323
269
-94
217
-58
406
219
312
-314
475
-5
-213
358
-423
36
-247
227
-154
-479
-218
-112
69
-407
-189
224
90
26
-119
-497
457
-330
-251
463
177
430
494
60
447
-386
-434
384
-135
164
-21
162
427
-372
270
178
-248
433
71
136
-243
155
42
20
-10
305
-430
-63
406
-152
-88
176
-424
481
-289
-75
285
-379
201
-190
-282
-327
274
-470
-357
-308
484
432
-387
394
-41
-283
-397
293
124
234
113
-375
-123
440
-447
-278
-206
-49
320
-457
-243
-136
246
-321
52
-290
130
-395
80
481
246
-294
-216
-470
105
-301
390
-10
250
460
387
15
290
-189
415
467
80
-187
-240
-350
74
139
107
-409
-335
132
418
80
220
91
58
-71
12
-267
-312
-93
470
-111
-430
250
219
242
330
-337
-429
-457
175
351
-284
-266
-386
316
64
355
199
-423
79
16
-468
-186
485
155
122
-252
415
-210
376
227
-165
-115
-264
26
317
478
362
304
218
-124
-347
-159
61
-259
122
491
30
370
459
-463
355
370
-110
35
-197
292
424
-243
435
398
70
342
74
-197
-286
131
259
196
-74
323
290
130
-322
4
36
-386
-238
237
-246
-107
162
358
90
264
-124
-349
292
147
174
274
-219
-411
341
-277
111
66
358
-204
-350
-8
35
334
-437
-209
75
300
-273
451
-35
326
480
121
-423
70
-13
455
5
369
-442
-479
-273
-380
445
421
59
361
457
-374
-128
497
281
-406
343
253
276
242
-366
-458
-73
24
-3
-232
-150
-223
-193
378
-263
-479
469
-385
277
358
-472
122
355
-373
210
-53
-183
-215
-70
229
201
-57
-24
429
-456
215
133
-415
-139
77
98
98
-398
-229
-439
210
80
66
-132
195
330
-108
-405
-312
-290
-415
-487
213
-145
-208
237
-169
10
-92
248
487
160
310
88
306
-493
-373
206
346
179
299
-109
-63
183
96
211
168
-239
-353
265
-496
216
469
-80
-351
33
-377
155
479
338
-162
-117
438
497
-412
-106
193
-79
66
-113
-4
399
-341
-439
-285
53
441
20
-219
-264
1
73
-295
445
352
-40
-186
20
-87
-445
-487
-70
237
345
-372
136
-492
-202
-420
-33
477
-400
-205
449
-337
-488
276
271
-62
126
438
65
-462
68
233
400
-83
-471
457
-471
47
-262
-106
392
-293
-371
-261
-136
-341
330
-420
-106
-402
-250
-233
-470
-452
337
311
-89
-363
-407
185
376
-456
-50
-113
-168
312
16
302
-75
-472
349
-495
-315
170
135
283
37
251
-339
-375
-255
-158
82
188
420
460
202
292
-203
-191
-188
108
351
292
490
271
21
111
-236
-363
434
438
252
428
338
435
-472
-247
204
-179
-162
-334
55
-6
-371
-296
-429
-449
76
-232
-440
239
-400
-411
-27
64
-342
328
290
443
50
-336
-23
-397
147
399
467
-65
-293
125
-61
-108
-37
138
442
-254
292
-149
402
129
-343
-286
-155
91
84
-270
316
200
-491
117
-159
-396
419
-462
394
-230
-466
-257
-290
-222
68
-88
-422
176
65
243
-457
-255
-148
460
480
-460
229
-378
134
280
-413
82
130
157
-204
328
-128
-386
252
-234
-61
-176
429
290
254
115
58
277
82
-45
-315
125
225
326
407
264
65
-222
143
122
34
-416
-51
-380
135
52
-286
-125
25
216
-324
-428
-309
382
204
-340
212
61
445
-236
-133
-145
-408
-276
148
288
395
-136
-104
231
152
-308
-338
-117
-486
194
-311
-375
424
-218
488
-85
97
-22
20
-263
169
333
-420
391
245
-3
-61
-155
-308
324
-50
144
468
464
211
-77
-351
483
37
437
485
108
330
223
202
474
-11
51
433
378
-168
21
-468
-315
8
287
449
230
440
422
177
-450
427
299
-112
-238
-385
-221
154
51
-54
411
161
-152
-32
-149
-427
343
-450
-1
-205
-256
166
-474
-276
-314
-315
113
484
30
-484
-139
39
408
239
480
378
345
-45
-360
195
343
339
120
-87
183
10
-495
133
248
155
-254
-383
-121
-63
-75
261
-450
465
-332
-269
-255
-129
-330
473
-490
-431
-495
251
-293
479
413
489
-257
-463
-326
-365
173
-462
-139
61
-366
381
68
458
497
-47
-220
101
-483
150
-423
-103
-179
-378
-329
322
-5
-432
-83
-131
-60
275
397
88
-493
-297
99
-63
343
-496
58
123
-217
-324
314
-90
-151
390
-10
229
394
-314
413
-299
377
135
217
192
-220
362
-468
46
212
-470
247
118
443
357
20
194
131
-161
-27
79
-253
-308
105
142
138
-335
-87
415
39
-27
-146
456
57
-133
-332
207
-399
431
463
-87
482
43
29
-411
54
252
342
177
-198
303
-403
-238
-101
247
-153
233
27
-336
60
397
75
319
18
303
-112
450
138
480
-11
457
-380
36
200
-360
357
249
355
-320
-384
64
-196
340
498
215
-200
-418
-256
49
51
-183
-455
-481
268
-460
141
266
-33
32
157
276
60
-468
-416
448
-369
79
15
184
-446
415
-253
203
484
-119
173
199
-408
-305
324
53
-380
34
-231
-129
-126
414
14
-272
350
-3
455
-327
-269
-227
95
-145
74
476
-412
-105
4
445
-224
-465
-99
-496
-15
39
99
-29
230
272
-391
94
459
223
320
309
-315
-121
-490
353
28
-107
-374
-425
186
397
-43
81
-44
-95
-190
456
-234
-164
-110
-52
146
-74
28
377
55
388
-348
-435
-179
114
166
-40
-78
161
343
455
-282
52
-11
-239
-440
-217
-157
-410
173
98
-462
163
474
372
-268
270
-485
-209
440
-487
213
-8
-479
-161
43
-310
413
-487
-97
444
441
65
53
-113
-291
364
-343
-294
265
-168
343
282
353
-186
-7
244
228
424
107
-412
44
169
366
-358
-201
-207
-62
-292
-419
154
-148
236
228
239
-394
-355
-124
-452
79
-254
135
173
397
127
79
467
282
-5
-348
380
-21
-406
-337
211
494
-125
-29
-376
418
-5
2
-248
167
-432
384
191
421
44
-82
-365
103
294
278
-199
406
-296
-498
52
-304
425
338
272
156
-488
344
-241
370
281
-296
-146
283
-397
326
60
-14
-161
259
26
-321
135
-454
413
71
343
-23
-64
72
-120
-249
-298
324
-300
-429
90
-22
248
-171
-325
347
-447
294
-467
-361
181
492
256
473
359
-337
316
-56
-287
-116
-381
1
-464
472
-471
196
-58
-174
50
-347
27
115
-209
183
255
-230
-191
383
212
80
-440
-330
-23
5
266
389
-263
-117
-276
470
322
142
-287
203
296
389
471
-484
180
-171
271
495
460
-487
11
393
87
15
-288
-228
-451
-337
-268
-141
172
152
7
117
4
380
354
-205
196
-5
-499
95
-198
450
32
-233
-368
-398
-481
-33
228
395
401
-136
-170
-375
62
-46
-72
-256
-410
384
-6
77
38
48
172
-202
244
458
-351
372
390
-198
-201
-291
274
-148
-422
43
-230
246
-200
-448
-338
158
-307
-335
-177
-396
-438
249
380
435
-149
132
455
252
309
302
-94
319
-136
148
472
388
386
171
440
115
-118
-398
463
222
128
476
109
284
259
-231
-103
239
86
434
459
116
-294
-130
466
4
-454
-235
-444
250
-94
250
165
379
-94
289
-189
-465
-379
412
-31
-414
-114
-338
242
460
395
-278
350
63
280
241
276
-493
425
231
-232
237
-259
137
154
-29
-108
-247
-51
-319
467
404
186
19
401
-221
-324
-91
16
-179
124
-255
-298
-285
-198
-330
-242
349
-17
276
-156
458
-100
-410
-410
-278
371
-50
-5
423
-24
-255
278
246
371
-1
200
-361
-123
330
-112
-437
152
258
-15
-347
44
-499
206
307
-27
66
188
301
413
-95
127
367
-455
212
-300
391
-495
24
393
-466
-396
37
-83
62
-399
-399
317
-39
344
-478
-246
294
-181
65
300
344
-240
-499
173
278
113
-222
222
-8
334
459
5
14
466
-47
-414
320
-150
-243
-293
58
-105
-226
24
-445
308
-81
-335
-230
186
177
281
366
-228
-383
452
423
-52
22
-287
111
492
-307
187
299
442
275
20
-4
342
-104
-19
-425
183
477
-145
-88
-489
173
-352
112
387
52
57
319
46
119
-7
-52
134
-142
232
-460
489
442
-487
295
148
-467
-96
2
449
33
-169
-496
-267
73
-221
-431
385
-397
-279
-405
-209
179
-304
426
319
463
93
-134
66
-126
-471
-493
-273
-256
-363
-7
238
-428
280
24
-133
449
443
103
-13
55
-435
-300
-411
-203
276
185
478
452
-308
-417
-95
70
-442
-330
-339
212
-310
63
329
-185
-424
-11
42
-392
-424
271
-318
-244
72
134
40
-338
-417
-87
-300
72
348
-301
-254
-446
-83
324
-180
-239
64
297
241
-129
422
342
-295
-447
-219
-480
-278
-248
497
335
96
-390
-163
39
-17
-217
429
-352
-474
433
32
-342
-134
-340
-170
-240
-281
263
103
-105
308
-279
81
12
396
-26
116
-123
361
-66
424
-221
-463
398
-226
497
223
201
494
-450
-10
371
-56
-54
252
200
207
-334
-8
357
-18
226
394
189
-15
-183
299
-391
-118
47
-310
9
-262
47
319
-242
-422
-154
-267
152
306
-199
-350
83
270
-57
368
485
-311
301
369
455
-259
254
263
368
-332
-498
-116
423
400
-491
-211
135
-14
278
-312
-80
328
-320
-292
-483
245
248
-355
-414
-397
470
323
105
242
429
-488
259
449
-326
449
-29
-294
-475
191
-225
48
-121
-118
-166
72
496
292
227
-37
176
481
301
445
-121
-404
208
493
40
-414
168
272
427
-227
-115
146
330
107
132
94
285
119
-109
205
347
245
109
-172
177
456
-475
-477
346
-281
-424
-399
-426
79
-8
-207
478
-63
-86
-148
-203
-389
-75
-44
-258
-279
187
-20
181
-380
-159
357
387
436
479
480
-443
-346
-290
496
-442
22
77
489
489
-176
-306
222
117
135
202
303
-203
-23
182
-355
-459
-23
318
260
-315
-179
-159
65
408
-257
-317
-124
-316
221
351
-487
-183
166
-232
-316
-365
-342
301
-350
-289
487
-351
445
491
-97
-188
212
470
-284
-17
-70
207
340
-125
446
-320
-433
-493
243
-459
-142
224
355
301
-189
89
-381
-258
-304
55
489
-297
-332
-350
41
31
-19
407
434
-368
69
-223
-127
-396
257
439
90
-439
430
51
-359
8
362
24
187
329
-181
-102
-327
-420
84
274
260
481
-462
225
195
-111
125
316
-413
429
122
289
4
477
435
-276
-184
489
-51
271
-473
-500
-195
-384
475
-371
-390
72
-118
-73
-186
121
422
-436
-342
215
233
-49
271
252
265
-462
-389
-142
445
-186
416
131
151
-451
-202
306
458
-170
-49
-465
423
28
-115
170
231
-433
-114
485
249
324
225
-36
243
-363
375
325
493
-455
-268
121
-101