7282
2651
3708
881
-4497
-5588
877
1087
-3334
4825
8862
3108
-2568
6261
-5888
4871
-7627
-7916
-662
2631
4613
9447
5820
-8645
-603
-3699
-9322
4489
-6545
1041
-5979
8651
-9359
-2722
-3361
-7561
1810
-5677
-8287
8969
-4925
6559
5590
-3657
-7913
8999
4126
738
5136
-6236
4435
-1941
8824
-6057
-5745
7101
9217
-4418
9050
1431
-7895
4693
7555
-9305
8599
-5473
2746
8071
-6766
2596
8461
-4359
-2442
-1178
902
-9082
2744
8845
1004
-4822
-3213
-6304
-5770
6470
5425
-4187
4931
-5303
-5507
2156
9633
-1506
-8831
7763
4406
3963
4615
-6692
-4478
2777
3581
-1209
8969
232
-6705
4704
-1090
-1562
-2832
3628
-6398
3775
-7456
-2737
-9394
-5745
4971
-8459
8287
-4546
-3136
-8300
-4413
9504
-3734
-8695
-7664
-4578
-5137
-429
-7908
6664
5231
-764
-5747
7545
5649
9538
-4156
-6483
3096
3565
4518
4908
3506
-224
8541
4642
-2472
8895
6633
9641
-3553
-9677
-656
2107
2328
1017
-2469
2758
6796
-5497
6040
8719
-8013
-4249
6646
9633
7344
-8332
8984
5737
-4624
-6048
7379
-8979
-3113
1169
3064
-382
1237
3184
7590
-8050
1839
1309
-2248
2206
-8902
-6687
7155
-2680
-2998
-6293
2991
-6391
-6650
4471
9633
-8450
-2882
-3678
460
-99
585
-1626
-295
1405
7820
-1891
9617
2008
4760
6474
1522
-9048
2598
9029
-5071
2586
6066
-3672
95
-2303
8829
-4023
9257
-1639
-6973
-6018
-3079
-7126
7979
-4970
2276
-4816
4923
-2293
-5766
-2927
5191
-4808
6647
-1299
6006
7008
-9018
3794
2966
400
9639
-3867
-3284
580
-3403
-7346
-8624
2623
3691
3223
6692
-2541
-1255
-1521
2603
2128
9405
-9680
-4461
-6517
7327
-8433
-848
3246
-860
1885
-7335
3084
-8374
-4218
-1259
-556
2539
-2879
8959
2545
-573
-1986
-1361
6908
-3322
-3292
4119
9124
-6779
3264
4260
3704
-3088
-8061
795
4906
4945
-8572
-7255
-2827
224
-5856
503
1851
5305
4518
8442
-7132
3939
-2642
-1133
6121
7519
-9795
-8615
-9666
-5337
-1465
-26
-261
4020
-641
-3400
-6801
-9119
4604
2035
-957
8755
-3298
-4733
4079
6306
5287
4064
8474
-6562
-8853
-9794
-8091
-8143
-8855
2069
6260
-2279
-3216
9299
4907
7663
2410
-2295
1478
-5350
-671
-6466
7364
9495
-7352
-5635
4392
-7577
7669
-7942
6588
-493
-5102
4019
314
-9344
-1609
-58
-9467
-7024
5728
-9712
-4827
-5444
-1310
127
-6239
-7847
-7043
4521
-4354
3363
-2478
506
-7484
-6323
-7588
7197
-7078
-5330
2969
3932
3315
2109
4885
6973
-6832
-8984
-1502
-7154
4434
4789
-1111
-8453
-5071
3945
2709
368
2715
-3829
831
526
7391
-1172
6186
-8919
-695
3370
1983
528
-9708
-6471
-2739
517
6962
-8905
3467
7118
617
1114
-5645
-3902
-6580
-5074
2460
6604
67
-5701
-2209
-3084
9057
2301
9473
4564
-6183
-4357
172
6433
-9418
9466
-9553
-4447
-8135
3668
6796
-8553
-9299
857
-9367
7832
-8352
5439
-6519
-8344
64
-5088
-6048
-5959
-6131
3930
4780
-1711
8220
2961
-1023
-3041
-7925
-622
-4213
-5291
-5612
-1946
-5757
-4348
-2772
-244
-2693
6839
-6522
-1899
2113
43
3376
-1467
-3607
4499
-4988
-6732
1189
-5238
6023
6322
7344
8987
-3271
-2825
-1792
-2367
-6531
6940
-3629
6061
-3241
8971
-6727
3726
8679
2182
3191
-9281
-1802
6530
8934
-8931
-9574
3322
3788
-245
4076
-4748
687
4886
-7203
3324
-1345
-3601
6658
-1873
3336
-9683
-9112
9024
-8416
2323
-1811
-1163
7439
-5296
8025
6871
3888
463
-8040
-5036
-3831
4936
-9797
-5997
-8312
1153
7589
-6866
4687
2070
9043
-8585
-8386
-3494
-7982
4976
9180
-1044
-6915
4687
-5124
7465
-2445
-9313
-432
-7316
5500
-6430
-9189
-6371
-1976
-1349
-4592
-5611
-1009
5411
5602
-7034
-975
7479
6263
-6811
5673
-4058
1191
-4410
4863
5913
-4989
-8811
1340
-1845
1874
1060
191
6101
2505
-2119
-8732
-2279
6074
-464
-4482
6223
-7101
3204
5216
8667
-969
7880
-8335
-7307
9562
6482
5236
983
5226
-2863
7831
-1971
-3237
1653
5264
-2233
3965
-1651
6471
3070
-8607
8391
-7234
7362
-2494
1306
-7584
2272
6572
8100
4634
-2368
9263
-8565
-2411
5516
5551
-3483
-1663
-1105
-7422
-7056
-8238
2318
-7530
-1136
-8163
3356
-7629
5315
8554
6595
6166
-5187
1060
743
3676
-8961
9663
-7685
-2334
-3205
-953
2326
3433
405
5434
8187
-7961
-821
6260
-465
5035
4707
1510
254
3702
-9047
8675
8400
4885
5283
-2761
7512
4454
-7016
981
7121
2004
-6019
8603
450
-2329
9156
9578
-7974
-4279
-7258
7268
8119
-9722
6630
4480
-4643
1530
1666
-8298
-1757
609
-2487
-8029
-6932
-375
-5086
4607
7305
-2603
-214
7636
3443
1939
-1202
-3835
-7198
2490
3391
-1507
-3046
-9473
-3031
-3330
1315
4472
5591
3213
269
-3947
423
-1573
3116
-9300
9385
5446
-2330
-285
4417
1761
-9377
3131
3939
2429
-3359
-4984
6104
9141
-2070
-5170
-7766
8976
7425
6686
4388
1178
223
-5670
1524
-6936
2430
8826
-6710
-4592
1328
21
-8915
-648
-4621
5406
4754
5873
-9496
3951
-8286
7825
-7617
6069
-4792
540
2501
4915
843
4508
5930
3864
6642
5267
5767
-8623
828
8118
990
3142
1070
4704
3920
5953
8415
-3169
-463
416
-6830
9452
8743
-2600
-3221
-4541
-8829
-6463
956
-1474
9309
5443
-7721
-3508
-455
8289
5560
-5150
-9476
4105
7773
2917
-5056
-7130
3529
-7118
-7926
-3913
-9261
-8932
8908
-6182
-8621
-6579
7412
9016
4618
4903
1967
3229
225
-7163
559
-7059
5163
-456
-1904
289
-9228
-5257
4432
5726
3131
-2735
-8123
1014
-2481
9290
-6247
621
8006
2592
2447
293
-4948
2303
1776
7747
6567
8668
-8900
3434
3324
-7756
8967
-6736
-3185
2124
-6088
-2490
-8890
3416
5077
-6107
-8274
-4264
-7080
8708
-8198
-2749
-6203
439
-208
6027
-4573
766
4118
-1819
-2220
4053
-1334
-1516
-6540
547
6295
-975
9273
-1839
4998
-272
-23
1143
-2271
-7633
-1805
5946
9435
9483
-5198
-8318
-7061
4647
5879
6458
745
-4723
-3497
-6566
-9258
9505
2942
-8358
2170
-3443
-6873
2941
102
4278
-2539
-9498
-2825
-9475
3365
8689
7900
-8635
2633
1175
5574
-185
8311
6506
1055
-8167
5102
-4185
8995
7583
1422
-6981
-4829
-5343
-8604
5672
7516
2631
-4127
-4270
550
674
-9630
5200
-5610
-1795
-1632
-9329
5665
-6373
-2648
3270
1944
-9321
-8749
4694
4363
3113
-9590
-8512
-962
-598
6733
-3721
624
-1777
2181
-7575
-6985
4501
-3696
-3668
9163
608
-5080
4093
8090
4459
-5839
-2640
-5656
-2526
-9515
9038
6852
3093
-8112
1799
5955
-9684
5054
-8013
-4884
7406
-7174
2314
-514
-3522
3268
-6244
9572
-5338
1259
2251
-2956
-3761
9526
-9336
4792
4915
3003
8402
-6354
7103
-7985
939
6013
-2765
-125
4943
-1032
-2345
-8785
-2350
8344
5564
-4217
2147
-3183
-9419
7833
-5614
-4731
-3614
73
3009
-819
-7365
-1707
8488
-4689
-8167
-799
-6820
4010
9534
1509
-5041
3811
6408
568
-6361
4172
-7637
2920
-3321
-6676
3332
6757
1504
-821
3553
560
-4666
6436
-7358
-2564
9102
-3632
-192
-8291
9489
2009
-9777
9136
-6153
-8387
1316
3786
6373
-7741
1699
7733
6259
-6892
-6901
-4422
-2402
-4896
-3402
399
-8284
-287
-1687
-4569
5959
-59
3879
5314
8277
-7409
1007
-9277
9543
-2161
5618
6418
8375
-5607
-9360
-5348
-3584
3561
9245
7090
-8005
-9394
-1518
6418
64
5317
6444
6851
-5893
6757
-6111
3061
-4600
1226
-9503
5868
7385
6658
-1600
6024
4143
-3862
-7824
-3971
-5208
-6379
-6780
-6769
8500
2197
2464
5447
-6965
-7613
3748
4134
-7154
3014
4667
6099
5340
5200
4294
-1952
-8608
-1725
2763
768
5217
4058
-7407
3407
3426
6690
-5837
3878
-1160
4349
7338
7033
-7912
2206
-3574
-3788
5217
3172
-2140
-7205
5044
8009
4966
-7165
-7024
-6320
7390
-2721
-8716
1661
-2543
4968
2556
-757
2247
-8015
-8931
-3281
-7718
2125
-615
-4415
-3554
-2165
-4420
-7139
3218
630
8787
7247
1720
6865
5112
-5186
-6621
-7798
9542
-5344
5745
3585
7893
6894
-4931
6854
-801
4843
-5492
4226
8655
3879
2106
6884
-5092
-3818
-480
8166
-4625
3375
-6236
-7951
-2809
-6157
2413
5105
9188
2244
6558
-5302
-7986
-2448
-5380
5872
1068
-4167
4575
2895
-3384
-713
-4028
8429
3924
5495
-1334
2754
6756
5012
3704
3496
6260
-4355
3496
3906
50
-6661
-2292
721
-9658
6685
-4057
-4097
4381
-294
2014
463
3993
5994
-7270
-1263
259
-2316
3160
1892
4112
2964
7209
-7134
5108
7457
2260
1771
7781
-7509
8254
5765
4950
-29
5986
2476
9055
-7469
7947
-8053
-6896
-7456
8339
704
-7392
-1820
1304
-9707
9115
-2027
-2166
8748
-1849
3670
2854
-7671
-2624
-8965
8524
9102
-9797
1333
7095
7855
8879
-8560
4558
1535
2402
-8141
-2101
1129
3680
5001
5041
-5994
5165
-3820
-3219
9296
9096
-2320
-3186
8515
-3768
-5238
-3699
-530
3647
-9068
6646
-7908
4988
-1899
6637
8644
4412
6470
8042
-5230
-6776
-3755
444
4507
-5618
4271
-9332
7663
-7165
-321
-8389
-2763
2526
3422
-6861
6749
6019
-2243
7356
4457
7967
3918
579
-9357
2841
-9515
-3426
-6270
7501
8358
6654
1006
-1448
-8315
4376
391
3566
4848
-5007
-9617
24
6448
-4213
7284
-4998
9449
-7302
3844
-9581
3422
286
1766
-8356
-8736
7027
-7902
5026
4042
9587
-564
7671
-2558
4218
-1796
5856
103
5864
-9800
4138
-232
-7198
-8300
-3616
7757
-2603
9023
8302
-3200
9544
-1778
4425
5188
252
6260
-1723
-1985
-3082
-7579
-6249
2642
-3508
-6852
-4771
2400
8094
7558
-7984
-4707
-3592
-877
2028
5566
3957
296
-670
628
7298
-4962
7806
8418
2686
-7063
-612
2346
-9728
-6468
3435
4573
-719
-1900
5300
2963
-6965
-123
-9129
-8494
-1680
3020
-4830
7214
-4977
5117
-5534
8271
8793
3416
-2797
-2721
-6716
-236
-815
3254
-4234
-8381
-7098
7190
3139
-1368
2244
-1779
-4794
-1796
1264
-4541
-460
-4000
8362
7468
1921
-163
-8607
5638
6433
2335
-6148
8945
-7021
669
-366
-3800
-7924
1316
-2075
-9323
-116
-9681
-424
4749
-3478
-1505
6121
-190
-4558
-3120
-9173
4922
1295
-8235
6905
3149
-5418
-8212
9494
-7311
-317
9068
-2150
-1148
2000
2843
-9751
5609
-5641
-681
-3158
-5498
7338
-2341
7620
-1477
677
-2820
-3303
7161
-7518
-7205
-9114
3101
8368
-6089
1683
-7800
8757
-5762
-822
8564
-374
-3924
6129
2744
-1288
-1910
-8715
7371
-2591
5863
584
-3059
-4981
9100
-2479
-1732
-6730
3481
-212
4395
-3845
-9445
175
2993
-8261
8941
1710
-3662
1176
-4645
9647
-5101
1976
9504
-3598
-1526
-4427
3733
-6097
-1061
2381
-9685
2124
-8911
338
-8029
-5358
2111
5119
-6770
-783
-2124
-6606
-2222
-4251
-1563
5396
-6498
2911
7770
-512
-5498
-8842
9395
3131
1901
5981
-2601
-4366
-6670
-4592
-7111
4473
9221
-4768
7275
-5714
5832
1210
9406
-9080
-9259
-2468
7952
810
8651
2758
-3428
-3954
-5940
-4822
-4651
1768
-1776
-4389
4678
337
1260
-1414
-2635
-8418
-6292
9621
-2535
7033
9446
-6786
-837
5385
7192
404
-1268
-9370
6451
3981
7464
-3108
-5252
-2161
1791
-4618
6554
-324
3006
-9300
4875
-3379
-6685
-6356
2694
777
7523
-7804
658
2836
2490
1113
-7837
4394
2663
4522
-1682
-5999
7925
-5059
-5656
4001
-415
6241
7644
-8391
7877
-8306
-4710
-8778
-4961
-3756
-7113
6032
-3709
4110
-7073
5331
1725
1141
3692
5738
-1385
-4002
9079
-2566
6038
-6998
4299
-8597
-5931
4693
-513
1001
7641
9645
-3977
-3829
1596
-2193
5691
3490
-8973
-8288
-4079
5572
-7832
3348
2699
-992
2829
-7613
4591
-1773
-9381
-6086
5915
-6501
-3608
-4522
-7263
6366
-3659
1670
-2223
-5268
4974
3503
-3989
7491
-4997
2216
-5105
493
2452
-96
-6875
-2797
-6317
-6369
-1642
-2544
-4721
-4450
-8971
7642
-4307
4512
-4224
-6362
1170
632
4386
9128
1037
-1980
1918
-1561
-1179
4252
-2488
6105
-2529
-6721
5954
-2729
8840
8966
298
1077
-7500
-3908
-6843
-2872
8246
-1898
5235
-7358
-8323
-2085
-7719
1401
-5592
-8067
5665
-2159
2371
9407
-5623
-8188
8267
-21
-6493
-6319
8557
1770
-995
-9639
-2437
-1038
9392
-5567
1504
-7075
-5942
6929
5945
-6603
3697
-5474
-4568
-8248
6009
484
-682
9396
3362
741
-7803
5130
1397
-683
936
-912
7318
1530
-1314
-4157
-2882
1763
6897
-1187
9048
-1606
450
-1364
-1470
9097
-6400
-6789
6300
-7068
-7208
-2985
1183
8702
6041
4003
3975
-6606
5465
2692
-7667
4515
1299
1269
2665
5946
-3053
-1155
6527
7752
8710
-4956
-9701
8628
-4426
-1378
9170
8258
7024
-4566
-1081
-9426
-1701
695
1494
8355
-455
-2914
-2901
-5492
-8453
-2693
-4645
-9414
-4009
376
-7169
-3736
-3735
-7681
3383
2048
7186
-9312
-7197
-798
6003
2460
-999
-3750
-5089
3223
-3201
-3858
1352
-5208
-8576
-8569
-4005
-4663
1713
8110
3006
7802
6229
-2041
5990
-9228
9678
-2197
1754
9513
-8338
8534
-4487
8540
1359
6839
-3360
3732
-8526
7492
8431
6481
-5280
3353
-3928
3772
-4571
-418
-51
-6332
7272
-7444
8452
5687
7307
1032
-4943
-2188
9096
1638
-3731
9159
6670
7049
7104
4336
-6583
7472
-6346
344
5397
327
-9685
9297
3030
-8623
-2378
38
-8006
-3649
-6486
5542
7664
4342
-33
6652
-9696
-4735
4138
-8640
-111
6554
1173
-3739
8929
-140
259
-2375
-7426
5145
3866
9601
-4345
6197
8757
8916
7261
-9531
-9021
4818
9196
3367
-6617
-2232
-6184
-798
5991
-1466
3547
-8853
-207
-1511
3695
5781
7829
-7441
3691
-9654
-3953
4375
4012
-534
-5940
-953
-975
6604
-9207
-1543
-5449
7960
-101
-6941
5769
-7574
5880
-6627
2752
-8953
5681
6087
3424
8407
-4249
-1733
341
-4570
-7336
-5462
-2841
-8327
-3231
-1554
-1751
4154
-3852
-6471
-6772
-3765
-5043
244
1676
4412
-8410
5746
-313
3801
-857
3973
5295
-3579
1692
-613
-5109
-4894
-453
442
8393
-41
8203
4281
7927
9160
-5762
-3944
-456
9421
4050
1311
-5089
4956
4230
1674
3555
-9741
-6222
-6843
313
-1201
-2954
9281
1467
-5351
-7890
-5949
-1634
-5537
-1989
2796
305
1479
4385
28
7625
7547
-7764
-4701
2507
3459
4636
5480
-5401
-7193
5603
6374
-5817
9377
8605
-8961
531
-8997
135
-1695
2140
6020
8236
8835
2393
-7204
5495
-5417
8340
1241
4329
-7741
-304
-4332
-1006
-9609
6155
-7182
-3516
9234
-8162
-3223
-1540
3965
-3556
2462
-2181
5371
-297
7511
1107
-5160
-7926
-279
-9619
1535
-7716
402
-6942
2800
-8944
4546
-9759
38
7604
-4380
151
-2216
904
-2232
4494
-3049
8467
-8299
-3703
9371
3665
-2362
-2140
8688
-3868
-195
-3878
-6145
-2601
-9617
-726
8630
422
-5250
6245
3711
956
-9041
8935
6795
269
7122
-9713
3179
953
-920
-6892
4724
6077
4793
2694
-897
7371
-1518
-1636
-5652
571
3580
6118
-8496
-2113
26
-3028
2883
-1144
7859
4178
-6739
3725
7497
7953
2430
4950
337
8059
4920
-6340
9664
8447
3187
5647
7914
-2151
9497
-7020
-7115
8657
-7858
8714
6953
-993
7358
7851
-1218
-6298
-1607
3543
-343
-3721
-1416
6252
5785
1236
-9328
-9379
857
1016
2317
-2844
-4884
7556
-5075
8139
-7389
1105
2517
9234
3691
-435
3453
5750
-6971
4641
1026
4642
7083
1975
-2682
3266
9529
-307
-6298
-1499
6311
1165
-1329
-2297
1095
463
-1886
6832
-6117
-5790
9308
8222
7420
-8079
9514
-4053
766
7113
-3587
7810
3688
7427
1401
9260
-6188
8257
-5244
6713
9265
-7602
-8220
-5309
5358
-5555
-3516
-7878
-7396
-1699
-6510
-8395
7031
-9516
-1234
5256
9350
-9357
-7367
-8920
2381
-9080
8931
-6869
2073
51
-2814
9230
1155
8086
-9356
7449
-2515
6639
-7201
6421
3757
5400
1646
-3350
-6181
7334
5511
4974
845
-3307
-445
-4491
-2737
7757
-5198
-1563
-7521
5703
5579
-2518
7787
-7788
8409
-2067
-5204
3412
8411
1601
7536
4551
-5286
-6567
6737
578
-5794
645
-2432
-7162
2482
-8999
-1022
7027
8063
-4021
4644
-3610
-3457
8248
-1170
96
-4904
-2779
5664
2440
6128
4861
991
7858
1612
-5
3886
-4400
5324
751
3645
-8359
-2365
-1111
716
-1991
5048
-5753
7279
-6848
-3537
1098
-7517
-4546
-4016
-5301
4942
-2161
6452
-9452
-5283
8359
-9498
-9441
5075
-7156
4429
-3670
9029
-9085
4228
-9672
4539
-8176
-6219
914
8541
5402
-1972
-7795
632
-4153
6782
3343
566
-7067
289
6267
8653
-7319
-7605
-3409
-3570
4862
-4165
525
-8287
-3970
-8741
4125
2581
6135
-2243
-6685
7645
-7182
0
8786
557
-1308
-4540
-8783
-6820
-5869
-5716
-4865
1361
-1635
9306
-7309
6012
-6220
-3599
3342
6874
2756
7301
-9242
-561
-3322
-2273
-1754
2375
-6672
1409
5651
-2076
-9186
439
-3522
5510
-2471
7024
2670
137
-4553
-7455
6965
-3138
1246
-1233
-2513
5703
7112
-2487
9420
-6241
-7004
2183
8681
-1870
270
-3630
-4208
3647
-7742
3507
-9006
-1016
-6037
-2028
-8864
-9015
-1121
1637
-1588
1318
-3776
3719
-4628
-9064
-5127
3155
4138
6947
8505
-9364
-3963
-7542
-7118
1542
2443
6546
350
-4938
-6432
-4876
-796
-429
408
2159
-6580
6918
696
-2881
-4241
7452
-6957
-9015
-1721
-1349
-4189
-5980
2502
-9350
-6729
636
-132
-5746
-7544
6597
-2472
7337
8137
6930
-7158
-4516
-2128
-2322
4686
1911
5934
1430
4176
-670
-2324
-5512
-8643
2541
-623
-6493
5864
-8387
3475
2159
8447
5528
-2918
-2560
810
-9208
1110
5199
-4435
-3248
7425
7605
6093
4433
3452
-6364
-7109
9355
2660
-3713
3381
4557
4188
-8876
7757
8750
-2391
-96
7134
-2486
4642
-9593
-5558
8610
-8639
-7511
-7440
-5429
-4879
-8796
-4151
-1889
-9144
-151
-4306
359
-9655
6663
1508
-5353
-7357
-3026
964
2498
5472
-5011
-6277
-3421
-8931
4959
-7733
1691
1872
-4622
2038
5210
21
-1409
-2596
1272
-7191
2493
2785
-4197
-8497
1562
-7042
6252
4719
2053
-7610
983
2273
3626
1180
-7877
8748
305
396
-1381
-4695
-6964
-5308
3889
7286
9163
2626
3383
291
-3498
-3830
6485
3517
3287
-7664
-5373
2121
7299
-2630
2172
-2052
5923
2508
-895
-22
-9646
-5537
-1991
-6457
7159
6647
-7603
-5390
5951
5584
-386
2580
1991
6484
-3674
-7824
-906
9384
-8125
-446
2534
-4691
-4828
4227
-3950
-5977
5387
-6317
8341
6457
1861
8317
-5516
-5493
-2401
-7988
-8466
1658
-1337
2703
-3593
-8719
8882
8074
5900
-6159
618
-5095
-3692
1527
5027
6574
2834
245
4581
36
-4567
-9073
-2380
6430
-3985
-3204
-7230
8156
-1666
8186
798
3312
6625
-1127
-9239
2328
-7676
-829
2436
-8736
1292
-9563
6309
6609
-1177
-5424
9063
-21
2982
8550
9062
1619
1435
3325
6942
-2883
-3704
262
755
3081
-2537
-6427
2647
1529
-8525
-8698
6908
-9324
-3819
137
-119
-6168
-1406
-3404
-1668
-6790
-256
808
-3853
-6238
4688
-5941
4531
-8621
-6376
-5367
2293
9479
-34
-277
-8595
2575
-7149
1922
-6503
-2538
1330
-2807
-2902
-6731
-2292
3220
4560
720
-3454
8995
9413
5214
5525
-1862
-4739
-976
3294
-83
-9218
-760
1227
6476
837
3552
6856
-6137
-7034
-2788
7839
3403
7802
-6945
2931
-8438
-7127
4728
2347
7603
-8803
8532
2955
8238
9018
1553
4967
367
-3291
-2651
-8217
8036
-5719
8567
-1966
-7058
-5169
3191
-9480
6320
-6218
1838
8458
-3616
991
7316
5419
1615
-9091
-8000
-5101
-3874
-1956
9426
7026
-6497
4325
-1981
-2479
8659
3406
9535
5107
9335
6858
-4976
-8451
2736
6066
-8570
4830
-1314
7533
9510
3822
6859
4030
-5657
4679
-4502
-5152
5906
8469
6725
8590
-4131
-1746
2414
-5227
-5092
-9182
-6991
-7447
-7550
626
-3734
-8375
-6356
2593
-3735
3256
6965
1603
1094
9323
-8110
9365
-7970
-8980
2370
-8888
6155
-3220
-3696
324
-1746
-7369
-5453
-2872
1977
8864
5638
3283
-8610
1827
1811
-5499
-4778
7170
1290
-5267
1932
5897
5132
-679
-5855
-3754
-957
-3477
-7194
3762
-7436
3735
2677
-7777
5674
646
-5512
3406
-7623
-676
7750
-4913
3479
2785
4962
-6459
4258
-6423
8991
8398
2494
2655
4801
-9425
1494
-5483
-1054
907
3407
1875
-16
-7416
9654
3123
7877
-6147
7078
2579
-9518
-2914
-3486
-7231
3889
-9459
864
5736
-7841
-5593
1327
1497
6520
4090
-8874
-8169
9242
-2467
5748
-3603
-2272
-420
-3342
-8662
-2714
3614
-8641
6914
-2618
2494
-5861
-2286
-1691
-8440
6489
3449
-8785
-2404
2927
-6850
-2354
-9446
-5928
-6505
8381
-5732
-2471
-7729
-3050
630
3373
6725
2087
5161
-8975
-8265
-2694
-4844
-7217
-5028
-9059
7231
-8249
4323
9180
-6371
-6136
6390
8954
-9642
-44
-4762
-6478
-2880
-2614
-5312
-7348
5192
9618
-6376
-4450
-1768
123
-1456
-1205
296
-4315
-4613
1380
-9360
-7887
-8111
7813
9303
4081
3295
9153
-6817
-1834
-3505
-3095
1174
7720
6789
-8977
-6101
8930
-2766
5464
8075
9198
-6682
-9419
-5113
3676
-7711
-1736
4698
-2516
4686
-7877
-5081
2315
-5395
-9163
8196
-9562
6502
-3440
-537
-6413
6043
-2789
-4751
2547
-4879
5526
6142
7069
-1642
-3210
-3514
-5454
-3701
8775
-8383
528
-3721
7459
7662
7483
546
6151
-2408
-1709
-6759
-9712
7765
-5526
8262
8537
9361
2931
-805
-3113
-8080
-9127
-7472
-6510
-7789
8620
8249
9461
4402
-4837
-675
4672
-4241
5272
2246
-6214
-1634
-2918
-4316
-756
7758
-850
6725
-4924
28
-3892
3700
3989
-9083
8705
-8619
5995
-6730
-1790
3668
-8977
6324
8572
-2086
-6717
7978
6
1464
8179
-1267
-7626
-7008
-995
1801
8377
8100
3021
-7678
3336
1496
1924
-1456
2378
-2284
9529
-5525
6261
-5568
2503
-3689
-4589
531
-3688
-3239
-2590
8198
1762
1372
-5079
8911
4745
6790
-5276
-1299
3145
8053
-4852
-1881
-417
-3140
7909
1810
6310
-6731
-2862
-8458
7451
786
-2708
-1325
-2297
-8315
-1828
7200
-4197
4470
-2300
-2500
-4342
7332
-149
6733
-7194
-8952
-1916
8573
-3192
3503
-9547
-1778
-5744
6030
8472
7786
2596
4867
-3079
6214
-6193
1392
1618
1059
-5625
3448
-3848
6740
-280
1702
-4027
5532
-4159
-2443
3720
6482
-3958
3406
7912
5495
-308
-9643
7853
6983
1642
-5934
8824
-8236
8778
-4383
8635
3677
1896
-3940
-2805
3155
3018
2313
6833
-9623
1618
-2702
2924
-3502
-7521
-7000
7443
-7168
1522
3209
-7310
-4776
5717
5258
-4611
-3328
-8978
-7709
-9697
-3345
7671
-7523
-6128
-3319
-7898
3619
3956
-639
-1574
3850
-5764
2051
-9221
9245
-6693
-5771
-7970
1901
-2013
-8135
7550
7223
6345
9591
-2024
934
-3308
-8853
-1625
-1723
9255
-9299
1528
-5090
-462
-6358
3719
-2079
-8934
-8086
2522
5590
-553
-7467
-852
-538
277
3266
-4614
-9506
12
2048
5131
-2245
-5571
495
-9409
-5875
3125
-6791
5914
-4878
-3462
-5219
-490
9146
-2797
3690
-9616
5811
-1982
9653
1276
-8698
6010
-7131
7757
-6636
4996
-1290
-781
-7208
4259
6593
9618
-7287
7882
-2917
-7504
3448
3034
-4787
-3426
-3042
-5184
7636
-9638
-4754
-9369
-4800
-2726
7974
-1281
-2599
-1827
7085
-6409
8911
9223
-4207
-8646
-3823
7205
7209
-2445
-6785
3276
-6303
5051
-6535
7062
-7734
2829
4222
4624
-1752
9456
-6033
4019
-2087
3398
-8991
2118
-8417
59
-9246
-8427
-3847
-7891
-6118
-9369
693
-3201
-7113
2986
-6771
-3858
9341
-1289
-5890
1193
9546
-4258
8798
-1419
9258
-5408
-3984
2303
-8132
-4444
57
-7479
-6194
7311
3091
-9235
-1281
6553
5580
9368
2017
-1353
-9455
-2328
2303
2883
4130
-9494
4848
6658
444
-5490
-2987
-5342
3226
-5660
-2792
2229
-5399
1272
-9703
-4981
2238
6850
-7945
2017
7875
5578
427
4250
-3060
-3964
-3669
-836
-2485
5804
5767
-8920
-8727
-2403
3708
5795
-7534
-7876
9412
-7473
3756
7917
-6671
-6951
-5676
9331
1685
7532
-3378
8065
-5524
2104
-5159
-9230
3128
7803
7032
-2919
-2762
9195
5429
-5181
-8591
-1239
-49
-3283
-4520
-1256
3636
-1136
-1637
4848
8756
3006
8356
-9164
-4939
-2955
-1204
5195
-8294
4623
-9665
8433
6490
4798
550
-9636
-5121
6891
-2927
-7163
-6428
6905
4622
-8872
6672
-984
-6380
-3637
-6167
-9046
-2286
-4456
-4197
-8028
5187
-9501
-9504
3374
5439
5538
2051
-4449
-9672
3373
7508
5605
4840
5583
5104
-128
818
130
6557
2371
-1049
-6582
414
6631
3103
-9207
5841
6299
-3599
-6838
185
-3262
-1701
-345
6489
-8078
2297
5272
-4902
-8219
6607
1765
4671
8053
629
-749
5970
3058
2643
3720
8552
8839
-6137
-947
-6573
1000
6190
-771
7540
2258
-8783
6215
1763
4547
-9672
-8201
3860
5377
-6999
7815
-6595
1536
-2887
-7433
697
-8053
-4272
9670
1351
-4245
2292
6648
2959
7455
-187
4051
-9098
-3470
-5829
-7312
3502
-2558
2697
-11
4618
-6998
-4296
6605
-9517
-9796
-6061
-2456
9605
694
-8149
1031
-8668
3645
3723
3386
4260
-8075
7009
-3129
-645
-4715
-3266
8878
-4778
9631
4092
7533
4392
7368
4862
5259
-6420
4106
-1204
-5301
-6745
-4760
-865