1000			
694	531	32	A
1023	1061	16	B
638	1461	2	C
1921	808	32	D
1081	1450	4	A
874	1104	32	B
590	890	2	C
1405	1347	32	D
1564	1475	8	A
1493	611	16	B
1236	597	32	C
1942	322	32	D
2010	1308	32	A
1935	866	32	B
1739	661	32	C
1112	1439	2	D
561	580	32	A
416	977	2	B
1797	992	8	C
1723	402	4	D
364	988	8	A
1321	654	32	B
696	622	8	C
578	323	2	D
1887	590	4	A
1655	467	2	B
1279	1399	8	C
1395	503	16	D
1814	903	2	A
1073	1341	8	B
889	1452	32	C
561	1105	16	D
1858	763	4	A
866	793	8	B
647	662	16	C
506	1354	8	D
594	723	32	A
1820	1526	16	B
2048	932	2	C
1899	505	8	D
142	835	32	A
1437	1263	8	B
184	1096	4	C
784	262	32	D
938	524	32	A
1203	318	16	B
1300	1281	16	C
1591	899	32	D
1828	141	2	A
980	1472	8	B
1224	1138	16	C
1500	735	32	D
1508	918	16	A
1983	1254	8	B
1099	1518	2	C
776	312	32	D
528	185	4	A
1563	545	2	B
302	1042	2	C
174	1174	2	D
1985	533	2	A
1993	1238	32	B
1538	150	2	C
622	932	8	D
1536	1164	2	A
213	237	16	B
992	862	32	C
1100	1252	4	D
1740	951	8	A
1717	959	4	B
961	1519	8	C
1623	1277	8	D
310	1259	2	A
1220	1213	16	B
1517	215	8	C
1406	609	32	D
277	236	8	A
402	416	4	B
525	1523	16	C
1421	1230	32	D
1256	484	8	A
1042	880	8	B
770	683	16	C
1656	860	2	D
1074	1075	2	A
1456	217	16	B
1782	398	4	C
1835	213	4	D
976	774	32	A
1500	862	2	B
1245	1487	16	C
399	761	8	D
1636	142	32	A
661	668	16	B
237	172	8	C
1115	811	4	D
1633	700	32	A
1331	1292	4	B
1046	363	8	C
354	683	16	D
946	541	4	A
1348	856	8	B
2026	350	2	C
1989	1128	4	D
800	1476	4	A
542	127	16	B
1296	640	2	C
241	1171	32	D
1254	417	2	A
1564	811	8	B
1157	1119	4	C
1269	310	32	D
1301	290	2	A
1864	1244	32	B
1020	710	32	C
1625	932	16	D
806	291	16	A
1033	1022	8	B
1298	678	32	C
921	866	8	D
1359	1228	32	A
519	273	8	B
1098	1487	16	C
1614	597	32	D
951	1296	16	A
836	1340	2	B
1988	1109	4	C
1923	181	8	D
1830	1176	2	A
142	1181	8	B
1063	703	16	C
1027	943	4	D
2004	103	32	A
1750	1224	32	B
1823	1218	4	C
227	552	32	D
1759	336	4	A
1464	1276	32	B
1974	127	32	C
567	1409	2	D
1469	1116	4	A
697	746	32	B
1307	405	8	C
771	1110	4	D
636	1370	8	A
1276	119	2	B
1829	463	2	C
1703	1479	2	D
495	840	8	A
315	757	4	B
754	730	4	C
1681	453	8	D
963	1531	8	A
1134	563	16	B
401	990	8	C
752	1430	32	D
1731	618	8	A
1815	662	8	B
1330	1338	4	C
490	1152	8	D
175	1170	2	A
112	420	16	B
1756	159	32	C
1174	528	4	D
1422	1153	32	A
1240	906	16	B
583	266	32	C
1385	243	4	D
871	472	16	A
2038	830	2	B
1357	328	4	C
254	239	8	D
644	326	2	A
1048	586	32	B
1376	976	16	C
251	818	32	D
232	1378	16	A
488	1527	2	B
1931	1358	2	C
1236	754	8	D
1276	546	2	A
790	1204	2	B
673	503	4	C
1974	743	2	D
809	763	16	A
447	750	8	B
1007	340	16	C
716	1494	16	D
1031	640	2	A
1379	799	32	B
1414	642	4	C
191	922	8	D
913	581	2	A
929	635	2	B
1993	1480	2	C
641	266	2	D
366	412	32	A
913	1194	4	B
1703	383	16	C
404	714	8	D
607	919	8	A
1013	1396	8	B
341	564	32	C
1971	841	16	D
844	1164	2	A
1400	471	4	B
1707	1169	8	C
117	577	16	D
1612	385	4	A
1334	1115	16	B
1746	731	32	C
1893	1034	4	D
799	551	8	A
358	879	2	B
1453	950	8	C
751	198	4	D
898	109	8	A
266	1063	8	B
1808	434	2	C
139	885	8	D
1825	175	16	A
772	1120	32	B
487	790	4	C
968	327	2	D
1895	1027	4	A
562	997	32	B
2029	998	8	C
858	1305	4	D
1627	1184	32	A
2045	765	2	B
1788	1133	32	C
656	1440	2	D
1933	569	32	A
1766	321	16	B
1340	635	8	C
1205	1240	4	D
407	197	2	A
318	1035	2	B
1352	896	4	C
1514	923	2	D
1890	1148	32	A
320	1237	32	B
314	915	2	C
1717	132	2	D
1301	1216	8	A
1568	1456	2	B
1360	1109	32	C
1863	1062	2	D
811	167	16	A
406	171	4	B
711	422	32	C
1202	1348	16	D
913	701	2	A
1908	633	2	B
1784	124	8	C
637	1018	8	D
855	1325	32	A
1496	1520	2	B
1047	678	2	C
562	793	16	D
1418	852	2	A
1340	370	2	B
223	1435	2	C
1954	744	16	D
323	243	2	A
1564	720	4	B
843	1457	2	C
852	1191	32	D
115	949	32	A
376	795	2	B
916	769	32	C
1805	438	4	D
1172	289	16	A
866	813	4	B
705	110	2	C
1624	163	32	D
1302	573	2	A
812	442	2	B
770	107	2	C
1270	1395	32	D
1703	319	32	A
1156	1342	4	B
780	121	16	C
674	906	4	D
194	159	2	A
2023	1357	4	B
1778	289	8	C
376	882	8	D
322	934	2	A
796	1065	16	B
1463	1292	2	C
1935	711	32	D
1430	356	32	A
1907	1163	2	B
888	771	16	C
1861	898	8	D
1330	165	32	A
1360	828	8	B
1762	719	4	C
1609	645	2	D
1073	1307	2	A
750	739	4	B
1957	111	2	C
1575	653	2	D
540	1261	2	A
634	441	4	B
1465	142	32	C
2020	1095	32	D
1225	1067	32	A
157	709	32	B
1752	343	8	C
858	1370	4	D
891	307	16	A
409	984	16	B
168	194	4	C
648	123	16	D
1031	847	8	A
1323	1174	32	B
1718	1405	32	C
390	1490	16	D
1587	807	16	A
1652	225	2	B
1776	1270	8	C
460	568	16	D
1158	1197	4	A
1532	306	32	B
824	414	32	C
1614	1074	2	D
640	472	32	A
556	445	16	B
2018	390	16	C
100	254	2	D
625	1042	32	A
1602	615	32	B
1198	1239	4	C
934	691	2	D
1211	166	2	A
688	423	4	B
1020	103	2	C
195	1061	16	D
420	799	4	A
138	1420	32	B
1442	677	16	C
791	111	8	D
383	877	16	A
728	199	16	B
2013	949	32	C
910	442	4	D
1324	512	4	A
149	1036	2	B
1676	1222	4	C
1829	734	32	D
1880	596	8	A
520	1341	4	B
574	701	16	C
1575	1318	2	D
1006	218	4	A
792	563	8	B
641	218	2	C
1774	414	32	D
791	439	8	A
1592	617	8	B
1957	1327	2	C
288	543	2	D
987	1285	32	A
429	231	2	B
221	369	4	C
728	316	32	D
1580	1183	16	A
1348	141	32	B
1859	1162	16	C
455	987	4	D
404	1283	32	A
2039	883	16	B
505	497	4	C
2009	421	32	D
853	482	8	A
1698	1393	4	B
510	562	8	C
1069	413	4	D
1847	210	32	A
1839	608	2	B
823	914	16	C
492	1363	32	D
978	1318	8	A
266	566	16	B
1734	276	16	C
984	310	16	D
545	1248	2	A
1944	362	2	B
1208	337	4	C
639	326	16	D
786	1272	16	A
826	768	4	B
697	571	2	C
314	236	32	D
1348	1377	4	A
1073	600	4	B
1536	1527	32	C
341	1514	16	D
923	672	16	A
1821	1235	4	B
1169	701	16	C
1964	498	2	D
1198	889	16	A
382	535	32	B
330	1280	16	C
261	1041	8	D
1682	855	8	A
1608	1015	2	B
1717	183	2	C
448	1260	4	D
1190	487	4	A
1458	631	8	B
1482	1441	2	C
639	1181	8	D
943	788	2	A
404	1201	2	B
1281	617	8	C
562	307	2	D
1527	832	8	A
1805	1083	4	B
121	1014	2	C
1763	678	4	D
1188	1016	2	A
581	103	32	B
338	544	16	C
793	431	2	D
1809	1260	8	A
1506	274	4	B
193	110	2	C
1187	457	16	D
734	751	16	A
1079	1531	2	B
693	396	8	C
878	158	8	D
1823	398	8	A
1172	252	32	B
1160	1242	32	C
1944	253	2	D
1068	877	2	A
460	1172	2	B
1783	176	32	C
693	168	32	D
599	1075	8	A
1567	198	16	B
1402	1466	32	C
613	1052	16	D
1968	1358	8	A
650	542	4	B
1825	230	8	C
302	607	8	D
1048	185	32	A
1042	1452	16	B
1371	279	32	C
1328	1093	32	D
908	1228	8	A
1104	1182	4	B
2014	125	2	C
306	416	8	D
1115	1163	8	A
1023	235	32	B
175	803	32	C
719	499	4	D
1819	714	16	A
1012	1094	16	B
982	1476	16	C
535	952	16	D
413	397	16	A
1948	669	4	B
765	1400	4	C
555	201	4	D
1494	1201	8	A
1728	1498	8	B
686	818	16	C
474	825	2	D
270	635	2	A
861	705	2	B
1536	637	2	C
1703	127	2	D
1568	1012	2	A
546	368	32	B
1448	902	8	C
1449	1090	16	D
525	1072	16	A
814	1425	2	B
1937	108	4	C
1266	275	2	D
340	1175	16	A
1979	1244	8	B
1580	371	8	C
1460	309	16	D
1298	685	8	A
819	1084	32	B
1471	1107	2	C
1377	1219	32	D
358	1507	2	A
1693	259	8	B
1457	465	4	C
548	555	32	D
233	1248	2	A
1847	1494	8	B
992	1226	32	C
1800	1370	32	D
876	1186	8	A
585	1299	16	B
499	1010	2	C
867	273	32	D
1415	712	32	A
2045	285	16	B
142	1185	8	C
1500	238	4	D
1837	622	4	A
773	370	4	B
1883	706	2	C
1341	1465	16	D
653	1004	32	A
1836	663	4	B
1296	1516	8	C
1686	1201	8	D
830	1133	2	A
896	485	8	B
1781	886	8	C
908	1523	32	D
1550	1261	16	A
1161	268	16	B
1839	1427	4	C
1791	1075	32	D
940	702	16	A
1234	1394	8	B
878	504	16	C
717	133	16	D
825	1157	2	A
588	1533	8	B
1503	304	4	C
1990	1039	2	D
1839	581	16	A
952	389	8	B
447	1177	4	C
1103	1151	4	D
1727	594	32	A
1268	622	2	B
267	1178	8	C
851	501	32	D
1405	993	32	A
1838	593	4	B
810	788	32	C
757	750	16	D
1036	1031	16	A
969	1474	16	B
1092	605	16	C
585	1303	16	D
1139	936	16	A
247	1123	16	B
210	317	8	C
763	711	4	D
173	723	2	A
244	927	2	B
321	815	4	C
1930	424	16	D
1945	1073	16	A
224	507	8	B
673	498	16	C
681	771	8	D
2005	1264	32	A
877	911	2	B
1836	1309	2	C
403	1060	32	D
1847	1031	4	A
933	517	2	B
1496	1513	8	C
364	591	4	D
1053	888	2	A
1659	829	8	B
1597	306	32	C
2047	1500	4	D
676	262	16	A
1844	1179	16	B
791	1519	16	C
278	1059	4	D
399	1407	4	A
544	808	4	B
1244	1132	4	C
2041	1075	2	D
1556	921	2	A
1718	927	8	B
1777	1460	16	C
2048	272	32	D
920	720	8	A
1295	418	2	B
1986	591	16	C
1630	798	2	D
301	1420	32	A
1681	505	32	B
1829	405	4	C
205	1246	8	D
1747	1066	16	A
276	1416	16	B
917	1018	32	C
296	1067	16	D
1477	1315	16	A
1829	929	16	B
1712	973	8	C
2008	707	2	D
1995	505	8	A
1003	811	2	B
633	965	2	C
779	310	4	D
524	1373	16	A
708	1493	16	B
1905	438	4	C
481	157	16	D
1670	379	4	A
1574	686	16	B
168	1475	2	C
1181	1007	32	D
1724	653	32	A
229	1390	8	B
122	629	16	C
770	1144	16	D
1439	410	4	A
580	242	32	B
1587	617	4	C
269	1175	32	D
184	1140	16	A
323	1470	4	B
835	1240	8	C
1272	1460	8	D
1203	887	8	A
1986	1189	2	B
2027	315	4	C
2010	1188	16	D
1385	795	8	A
1551	1328	2	B
2043	1520	32	C
727	1252	4	D
604	331	32	A
1574	1232	16	B
1289	506	4	C
1230	759	32	D
494	734	16	A
575	241	16	B
1469	505	8	C
1450	995	4	D
705	699	32	A
432	551	16	B
1840	1320	4	C
1249	1112	2	D
981	306	16	A
699	1347	8	B
603	880	16	C
844	1461	32	D
796	988	8	A
666	1432	8	B
1038	657	4	C
1119	354	8	D
156	948	32	A
1588	561	32	B
1398	497	8	C
1923	1442	32	D
1600	819	2	A
1316	120	16	B
632	700	2	C
1790	1098	2	D
1355	1535	32	A
935	1314	2	B
652	490	32	C
846	426	8	D
1136	894	8	A
750	372	2	B
1428	724	8	C
102	1168	16	D
1878	911	16	A
1947	1029	32	B
572	307	32	C
668	1509	4	D
1210	1345	8	A
230	518	2	B
1611	1344	16	C
748	261	16	D
247	104	32	A
1771	1279	32	B
1311	1054	32	C
463	586	32	D
162	307	32	A
1809	1100	16	B
1388	386	2	C
1900	328	32	D
1578	996	2	A
891	1426	16	B
1719	1177	8	C
1446	1265	32	D
1238	654	4	A
1987	300	16	B
1792	941	32	C
814	1169	4	D
1245	724	16	A
1337	1450	16	B
1314	388	8	C
1601	1395	2	D
1626	595	16	A
1221	1008	4	B
1718	149	16	C
894	300	4	D
895	708	8	A
1246	1116	32	B
1284	796	2	C
1147	798	8	D
847	1035	32	A
1751	385	16	B
309	1280	32	C
831	581	32	D
666	297	8	A
410	259	2	B
198	1126	8	C
703	1340	2	D
1037	260	4	A
1518	1176	32	B
119	1124	16	C
663	645	32	D
1124	1475	16	A
1873	1028	4	B
1020	804	4	C
279	716	2	D
1410	839	16	A
1856	119	4	B
1052	1027	2	C
1549	1052	32	D
261	412	2	A
1204	235	8	B
1277	524	8	C
715	1180	4	D
747	642	8	A
1771	1240	16	B
147	1335	4	C
1231	1066	2	D
1489	770	2	A
738	1146	32	B
1203	1365	16	C
314	185	8	D
1213	262	2	A
1102	1310	2	B
1609	740	16	C
537	1060	32	D
733	993	16	A
207	549	32	B
1413	447	32	C
966	860	8	D
1513	1443	4	A
1260	356	32	B
1796	800	2	C
557	876	16	D
1967	1033	4	A
1966	214	32	B
216	327	16	C
962	463	32	D
1851	614	16	A
1881	782	4	B
482	1137	2	C
1883	1260	4	D
353	1476	8	A
1612	318	16	B
652	189	8	C
1477	179	32	D
1808	1227	4	A
679	1077	16	B
733	1176	16	C
946	758	32	D
1112	385	16	A
1781	1170	8	B
1979	570	2	C
366	1172	16	D
966	1414	2	A
842	217	2	B
1003	376	32	C
1811	1112	4	D
901	106	4	A
682	1360	2	B
1344	502	2	C
444	269	8	D
1765	651	16	A
1192	242	4	B
837	132	32	C
1574	1360	8	D
272	1162	8	A
422	381	4	B
207	958	4	C
854	549	2	D
915	1463	32	A
1100	1520	16	B
1255	964	2	C
1161	1226	4	D
1126	162	4	A
1118	1019	8	B
1574	267	8	C
481	786	4	D
952	1465	4	A
191	196	16	B
731	164	32	C
1611	1080	2	D
1934	1476	8	A
294	1152	4	B
759	1265	16	C
694	565	8	D
1401	248	4	A
1944	1257	8	B
1983	155	4	C
1395	836	16	D
1113	506	4	A
1492	694	8	B
105	123	32	C
125	249	4	D
280	1484	8	A
1648	488	2	B
644	1222	2	C
175	932	8	D
138	1227	32	A
2045	275	2	B
1532	1175	4	C
1771	333	8	D
1403	1458	4	A
1476	957	2	B
1927	171	32	C
1768	272	2	D
1928	1260	8	A
775	1123	2	B
897	1079	2	C
515	877	2	D
1666	537	4	A
295	163	16	B
540	1279	32	C
1485	322	4	D
731	524	4	A
461	1047	2	B
376	1434	32	C
211	1412	2	D
1745	404	32	A
1136	1267	2	B
1281	742	16	C
2018	329	16	D
1185	1043	16	A
1550	711	32	B
1658	1505	32	C
1750	538	32	D
965	298	16	A
1777	1226	8	B
917	1125	16	C
898	1360	4	D
447	1381	4	A
437	228	16	B
609	807	4	C
446	489	8	D
860	1225	4	A
1401	207	16	B
1664	1514	2	C
1421	403	2	D
886	149	16	A
1121	957	8	B
354	298	2	C
985	973	2	D
1918	398	32	A
543	1254	8	B
1235	167	4	C
310	630	2	D
1171	1424	8	A
415	1506	16	B
785	1330	8	C
1685	131	8	D
734	649	8	A
786	154	16	B
1911	923	8	C
1221	1077	16	D
334	383	8	A
700	1162	16	B
992	726	8	C
104	1372	32	D
1847	1400	4	A
952	426	2	B
879	834	16	C
1841	1227	32	D
1069	240	8	A
1769	785	32	B
324	951	16	C
779	802	8	D
1711	1354	4	A
1674	1159	8	B
788	686	16	C
102	911	8	D
416	773	4	A
852	1272	32	B
1027	1500	16	C
1939	1519	32	D
1904	551	4	A
1732	1313	16	B
1743	586	2	C
996	279	16	D
1450	439	4	A
265	1094	8	B
1721	462	32	C
1472	266	4	D
230	1536	16	A
745	566	16	B
227	191	2	C
636	483	16	D
382	989	16	A
1109	736	8	B
1706	547	4	C
1353	106	16	D
1774	461	8	A
951	1317	2	B
151	1249	4	C
1815	749	8	D
1611	985	4	A
467	354	32	B
198	377	8	C
754	648	32	D
1567	1082	8	A
803	577	16	B
373	194	2	C
1948	1287	16	D
239	1460	4	A
1476	892	4	B
2006	678	4	C
1258	1379	2	D
235	135	2	A
1555	344	4	B
1456	886	4	C
1809	1097	32	D
1783	640	2	A
1151	833	32	B
144	414	8	C
1913	747	8	D
185	1080	32	A
1725	1150	2	B
1607	261	8	C
1500	1231	2	D
374	1429	8	A
1696	892	4	B
184	1160	2	C
1250	1416	4	D
1644	1099	4	A
1290	304	16	B
571	712	4	C
1364	771	2	D
1054	766	32	A
897	431	16	B
988	331	8	C
1319	984	4	D
681	948	16	A
1194	924	32	B
1561	431	16	C
1300	1006	2	D
541	378	32	A
846	1001	2	B
1666	1233	8	C
291	1001	2	D
1597	1411	2	A
418	1040	16	B
815	160	32	C
743	1218	4	D
268	277	4	A
784	825	4	B
1524	636	4	C
2031	141	8	D
1380	1227	2	A
1829	605	32	B
1034	876	4	C
1169	990	4	D
1986	663	4	A
1230	310	32	B
1754	802	4	C
110	326	32	D
1677	272	2	A
389	234	16	B
408	303	32	C
875	1470	2	D
1515	1393	8	A
519	1198	16	B
488	459	4	C
1751	529	32	D
861	382	4	A
153	156	2	B
1408	1031	4	C
470	1322	32	D
230	704	8	A
148	1179	16	B
192	676	32	C
1596	370	2	D
416	879	8	A
706	1316	2	B
1465	1225	4	C
236	468	16	D
1013	541	2	A
1845	170	32	B
1937	1183	8	C
1284	456	4	D
452	127	4	A
1620	645	16	B
1021	325	32	C
404	1340	8	D
1058	917	2	A
360	443	2	B
1911	1494	4	C
1805	1086	2	D
1641	1304	4	A
1589	291	16	B
375	682	8	C
1412	913	32	D
1962	1197	4	A
751	998	8	B
633	277	4	C
719	406	16	D
1648	184	16	A
1191	1100	4	B
1010	108	16	C
1938	629	16	D
1207	681	4	A
116	107	4	B
1576	1151	4	C
928	1300	8	D
1795	791	8	A
897	174	8	B
644	361	32	C
1184	253	16	D
298	1144	32	A
771	1464	16	B
1296	798	8	C
1302	922	4	D
378	1414	32	A
1304	472	4	B
1392	1437	2	C
1477	729	16	D
357	219	2	A
311	172	16	B
1636	699	2	C
1561	778	4	D
1505	414	2	A
1091	215	16	B
1812	847	4	C
1447	387	2	D
978	718	4	A
427	1323	16	B
1365	275	16	C
807	679	32	D
1710	224	32	A
217	371	2	B
1156	889	32	C
174	1251	4	D
479	395	4	A
152	333	2	B
441	832	4	C
1832	406	8	D
206	1412	8	A
1415	710	16	B
474	534	2	C
1076	607	8	D
854	1005	2	A
859	1010	4	B
825	1376	8	C
2042	1365	16	D
2046	1078	32	A
1022	528	32	B
1613	1102	8	C
155	233	8	D
1475	244	16	A
624	1426	32	B
1059	1117	4	C
313	108	8	D
1844	851	32	A
1120	1009	4	B
1151	1186	2	C
1208	1299	8	D
1939	146	2	A
477	102	2	B
1697	934	4	C
1411	295	16	D
1641	242	2	A
188	546	8	B
2031	604	8	C
1901	780	2	D
275	940	4	A
904	1328	4	B
1241	149	16	C
1374	1405	32	D
1108	1433	8	A
1838	1342	2	B
167	249	4	C
1928	634	32	D
1279	1176	8	A
670	546	32	B
1308	1478	4	C
1834	556	4	D
1784	1224	32	A
1296	1357	16	B
618	1171	8	C
1318	1535	32	D
374	854	2	A
1515	854	8	B
583	560	4	C
1404	266	4	D
1162	1143	2	A
891	937	2	B
397	207	4	C
2023	783	2	D
651	754	4	A
819	727	2	B
1737	1514	4	C
1185	101	32	D
223	1389	2	A
894	457	32	B
393	1295	4	C
903	1215	4	D
1343	823	2	A
261	930	2	B
1525	1049	16	C
809	1282	32	D
644	1177	2	A
1202	433	16	B
1463	445	16	C
708	1481	8	D
331	1468	2	A
603	901	32	B
1815	1305	32	C
1896	318	2	D
1122	1441	8	A
556	1317	32	B
1821	1056	2	C
1681	712	32	D
320	1208	2	A
598	952	8	B
521	1518	4	C
1625	1215	8	D
1930	490	8	A
641	899	2	B
861	577	2	C
1174	505	8	D
689	1083	16	A
911	141	8	B
1505	1288	8	C
240	652	4	D
1345	279	16	A
608	250	32	B
472	731	16	C
1004	1012	16	D
1507	828	32	A
1492	1117	4	B
1518	377	8	C
1359	648	8	D
2009	390	8	A
995	1458	32	B
144	1521	2	C
141	545	2	D
112	1287	8	A
373	571	4	B
1475	658	2	C
1745	847	8	D
1127	537	16	A
1329	1088	32	B
1593	799	8	C
1482	1208	2	D
1350	1072	4	A
705	175	4	B
1757	1262	8	C
194	906	2	D
1123	597	32	A
1751	1340	2	B
163	362	16	C
1839	1443	2	D
784	1421	8	A
411	964	2	B
2028	249	32	C
1234	252	32	D
907	1393	4	A
1918	143	2	B
1184	779	2	C
1852	202	4	D
1463	1178	2	A
416	637	4	B
889	1330	4	C
1766	1392	32	D
184	1486	16	A
1684	687	32	B
1511	1429	8	C
1433	539	4	D
2045	739	2	A
1661	1535	2	B
1234	243	32	C
1638	761	8	D
520	1402	4	A
469	591	32	B
1380	617	16	C
554	374	4	D
1221	1123	8	A
721	1525	16	B
708	1274	32	C
235	414	32	D
589	713	16	A
1671	202	2	B
1595	889	4	C
2037	406	16	D
1318	1323	32	A
961	1055	2	B
1185	490	16	C
1798	1190	2	D
1289	1009	8	A
1976	987	2	B
1194	1034	4	C
960	1228	4	D
286	1474	32	A
428	457	8	B
1669	1421	32	C
734	892	4	D
555	1311	32	A
1898	1137	2	B
1630	1081	2	C
1762	241	8	D
566	1073	32	A
125	311	2	B
1917	1355	4	C
1906	105	2	D
928	1297	2	A
2016	142	2	B
726	1415	4	C
645	811	16	D
1948	198	4	A
1843	394	8	B
1366	281	2	C
1222	596	4	D
1517	412	8	A
1520	1044	16	B
1161	463	8	C
308	1122	16	D
1829	989	16	A
1715	1129	8	B
275	1355	32	C
1137	1344	8	D
746	1414	8	A
990	1385	8	B
801	899	4	C
433	324	8	D
883	722	4	A
771	344	16	B
1863	554	8	C
1605	193	2	D
410	411	2	A
761	1502	2	B
431	109	2	C
1637	754	32	D
1451	738	4	A
124	273	4	B
1499	341	4	C
479	1121	8	D
127	1124	2	A
665	386	2	B
2041	726	8	C
1675	866	4	D
300	1099	4	A
1540	792	8	B
1607	1427	16	C
340	695	16	D
846	1484	32	A
1108	1151	32	B
1501	395	16	C
1745	1467	8	D
969	535	2	A
1301	1029	8	B
1687	130	16	C
593	675	16	D
1115	262	16	A
1474	1517	32	B
755	755	32	C
1023	1232	8	D
874	822	2	A
484	1239	16	B
451	1277	16	C
944	1011	4	D
1808	1334	8	A
1183	173	4	B
664	711	16	C
1442	1199	8	D
150	1182	8	A
498	536	2	B
908	1161	32	C
794	870	8	D
1484	1082	16	A
1230	1082	32	B
613	998	32	C
1057	689	2	D
1289	1023	4	A
1118	125	8	B
1673	1370	32	C
435	919	32	D
729	1061	16	A
686	894	8	B
1764	603	2	C
1886	633	8	D
667	909	16	A
1532	698	16	B
342	1001	4	C
1838	812	4	D
648	1118	32	A
328	1442	16	B
1176	248	4	C
1077	804	2	D
501	1462	2	A
663	454	32	B
1931	1129	32	C
1347	894	16	D
1878	1522	2	A
1019	693	32	B
1740	161	4	C
1176	287	8	D
676	121	4	A
765	388	8	B
689	1144	8	C
611	499	32	D
530	1020	16	A
466	1472	8	B
661	1053	8	C
599	1259	8	D
1866	990	32	A
1042	542	32	B
1785	1145	4	C
1732	1087	8	D
2021	401	32	A
1545	167	4	B
352	763	16	C
575	418	16	D
165	105	4	A
1478	1441	4	B
790	1136	16	C
1877	752	8	D
386	609	8	A
1993	1376	4	B
518	1174	8	C
1493	693	32	D
1856	1189	8	A
1104	1065	8	B
1561	694	8	C
841	1239	8	D
186	1334	8	A
1031	115	4	B
1000	1403	16	C
789	994	16	D
723	194	8	A
1625	1402	16	B
554	1014	32	C
698	1456	16	D
1258	221	16	A
1011	915	2	B
778	527	32	C
709	367	4	D
1337	732	8	A
1525	1127	32	B
388	770	8	C
360	741	2	D
270	1429	8	A
577	520	4	B
215	1450	16	C
127	1440	4	D
384	836	32	A
1279	956	32	B
275	149	4	C
1422	748	2	D
1613	744	16	A
1971	990	16	B
1556	768	2	C
1296	1379	8	D
1377	286	32	A
324	1129	16	B
1558	833	8	C
183	1064	2	D
128	556	4	A
1764	456	8	B
395	1310	2	C
1715	1472	16	D
1907	153	4	A
416	580	2	B
693	364	2	C
125	697	16	D
599	1088	8	A
590	1343	2	B
951	1414	32	C
1748	1110	2	D
930	888	8	A
1599	1503	4	B
125	1003	4	C
1404	643	32	D
2045	1178	4	A
216	899	8	B
1103	629	8	C
1698	870	4	D
341	699	4	A
997	453	16	B
496	105	16	C
787	671	2	D
500	483	2	A
596	691	8	B
1697	1011	16	C
969	348	2	D
404	254	2	A
1286	1475	8	B
1031	1363	8	C
1791	1105	16	D
1251	680	4	A
618	519	32	B
1864	581	8	C
1503	974	8	D
859	394	4	A
1734	618	2	B
429	1534	2	C
1054	654	8	D
1705	1305	16	A
261	1490	32	B
373	1009	2	C
1755	1004	32	D
2038	1154	2	A
1128	232	2	B
201	675	4	C
535	1227	4	D
410	491	4	A
744	473	16	B
1230	486	16	C
1078	910	16	D
965	922	4	A
1519	1290	32	B
659	1435	32	C
1917	781	2	D
138	1231	4	A
1392	280	8	B
747	787	8	C
1107	1297	2	D
1279	431	2	A
1908	508	16	B
856	334	16	C
1079	224	16	D
975	1167	8	A
1335	159	8	B
808	153	16	C
1503	1155	8	D
1403	580	2	A
1479	940	2	B
954	450	2	C
611	148	2	D
552	1462	32	A
1092	926	4	B
1582	1283	16	C
180	812	32	D
1978	1186	32	A
592	1514	8	B
427	906	2	C
1520	339	8	D
2022	1469	8	A
1493	1459	8	B
1669	457	32	C
1414	499	16	D
533	577	8	A
333	504	4	B
1716	1367	4	C
607	154	8	D
1037	987	16	A
404	955	32	B
395	311	32	C
1734	899	16	D
1531	985	2	A
1428	1251	8	B
1182	1182	4	C
906	1139	8	D
1128	1016	8	A
1698	268	16	B
2045	445	2	C
1747	539	8	D
1275	757	16	A
907	733	4	B
968	1330	4	C
1274	1137	8	D
730	789	2	A
747	259	16	B
1946	867	2	C
386	831	4	D
574	465	4	A
1477	792	2	B
306	469	8	C
956	785	2	D
757	488	4	A
1098	1424	16	B
1451	1091	2	C
1810	932	32	D
1828	1255	8	A
261	1524	16	B
1583	1507	2	C
508	1371	32	D
356	896	32	A
962	1394	8	B
1888	207	4	C
1496	1143	2	D
936	451	8	A
546	871	4	B
1176	893	32	C
1055	536	8	D
158	900	32	A
311	252	16	B
666	1317	2	C
630	387	16	D
503	771	32	A
974	514	8	B
1476	1436	32	C
1365	648	2	D
1786	556	4	A
1711	1389	2	B
1640	1047	32	C
1232	1289	2	D
1495	430	32	A
1233	436	4	B
1766	1133	32	C
442	1282	2	D
1111	431	2	A
1499	865	32	B
510	184	4	C
1154	218	32	D
1994	794	16	A
1540	491	16	B
769	587	16	C
1951	1436	16	D
340	643	32	A
1544	1009	8	B
849	765	4	C
1097	976	32	D
1626	1533	4	A
650	625	16	B
113	1186	32	C
123	1154	16	D
804	363	16	A
547	439	4	B
196	214	2	C
267	628	16	D
204	599	4	A
1227	1024	4	B
1168	873	32	C
1446	1172	16	D
638	1208	16	A
203	872	4	B
1004	453	32	C
573	229	4	D
1854	579	4	A
1606	564	2	B
2010	891	32	C
1824	929	32	D
535	1022	16	A
2048	1160	4	B
1185	1282	4	C
378	1517	4	D
1073	291	8	A
755	132	4	B
645	1500	32	C
1419	995	4	D
795	1246	8	A
417	589	16	B
862	1071	4	C
629	258	16	D
1326	1445	8	A
1696	413	16	B
1174	662	2	C
1389	1060	16	D
181	998	8	A
613	535	4	B
1807	1207	8	C
1376	1496	8	D
361	763	16	A
249	982	4	B
567	1226	32	C
1121	516	16	D
1926	1197	4	A
1017	802	2	B
511	549	2	C
1509	695	4	D
1639	641	4	A
885	449	8	B
1752	230	2	C
1201	1415	32	D
361	947	32	A
994	221	2	B
302	1457	4	C
2019	1336	2	D
526	569	16	A
1127	390	16	B
835	553	4	C
1770	1075	4	D
1036	1521	32	A
686	210	8	B
175	1098	8	C
337	681	2	D
1820	966	16	A
1527	288	32	B
332	418	8	C
1785	758	8	D
962	1395	4	A
127	593	2	B
911	537	4	C
685	1463	8	D
1316	1296	32	A
846	650	32	B
1323	342	2	C
395	570	32	D
1314	1445	4	A
429	516	2	B
1627	409	8	C
663	472	8	D
998	1270	2	A
649	797	8	B
1353	1424	2	C
847	833	2	D
1639	967	4	A
1405	954	32	B
795	409	32	C
1989	914	16	D
869	995	32	A
1546	1473	2	B
451	480	2	C
1285	1146	8	D
1846	251	4	A
814	1112	4	B
1226	631	32	C
1927	1116	32	D
546	1144	8	A
699	342	2	B
1266	271	4	C
1531	186	2	D
968	730	8	A
413	453	32	B
655	966	2	C
809	655	8	D
1705	1106	32	A
149	502	32	B
544	413	4	C
170	178	8	D
1063	715	4	A
576	360	16	B
853	567	32	C
666	145	8	D
331	1470	4	A
1544	1203	4	B
1689	344	8	C
1133	383	32	D
1705	1470	4	A
1472	967	16	B
1705	582	8	C
833	799	4	D
861	259	8	A
408	388	4	B
1939	669	32	C
1915	531	4	D
1209	1150	4	A
356	1211	2	B
869	1059	4	C
1644	702	16	D
1614	934	32	A
910	943	32	B
627	1318	4	C
198	620	32	D
658	494	16	A
1890	1260	32	B
225	623	32	C
651	1443	32	D
512	514	8	A
1236	1238	16	B
1990	313	4	C
921	785	8	D
1756	1172	32	A
701	1304	4	B
1160	109	8	C
361	186	16	D
1227	1393	8	A
1376	715	2	B
1924	178	32	C
1253	828	2	D
971	772	8	A
670	982	4	B
469	1317	4	C
1577	552	8	D
1671	1451	2	A
733	1515	4	B
626	316	16	C
1526	1383	32	D
738	218	8	A
1990	699	8	B
1027	701	16	C
383	1168	16	D
771	1353	2	A
1903	1070	4	B
1410	1035	4	C
105	909	4	D
735	190	8	A
708	358	32	B
354	994	32	C
1236	1484	8	D
1950	273	4	A
107	154	32	B
1771	124	32	C
1477	672	16	D
1011	880	4	A
1498	142	16	B
1506	1384	8	C
1532	1384	8	D
1867	551	2	A
923	174	32	B
495	1140	32	C
1577	293	2	D
1088	1182	8	A
901	829	8	B
1485	139	8	C
1511	1092	32	D
426	756	4	A
1297	927	2	B
186	1165	32	C
434	273	8	D
826	926	32	A
1594	1207	16	B
1285	1008	8	C
1733	476	16	D
1989	635	16	A
1705	1279	16	B
247	436	32	C
1643	211	16	D
1922	803	2	A
1406	474	4	B
1439	615	2	C
1232	1095	16	D
327	816	8	A
1782	814	4	B
924	371	8	C
858	1248	2	D
1056	380	32	A
627	901	2	B
1106	227	4	C
303	1122	8	D
454	1408	8	A
1934	403	32	B
1515	956	4	C
706	420	4	D
1332	103	2	A
1727	855	16	B
1916	1491	32	C
1458	1152	16	D
248	1205	4	A
363	1176	2	B
911	1125	4	C
283	413	8	D
1275	737	16	A
674	568	16	B
377	1017	2	C
1837	1485	8	D
1662	1278	16	A
791	602	16	B
686	321	32	C
223	740	32	D
1579	804	8	A
788	418	4	B
184	393	16	C
1570	240	16	D
1129	1466	8	A
1073	368	32	B
1515	1178	32	C
395	768	4	D
1039	910	16	A
1897	843	2	B
1502	1455	4	C
1301	389	32	D
1555	111	32	A
1808	330	2	B
1069	358	32	C
395	1176	8	D
1921	436	2	A
655	612	2	B
1210	1523	8	C
1578	1467	32	D
1647	934	32	A
131	188	8	B
1314	1318	4	C
1368	140	2	D
1571	1146	8	A
1269	519	2	B
2016	1477	8	C
752	1023	8	D
1199	1432	32	A
597	1521	32	B
656	687	32	C
1709	1088	4	D
473	1331	8	A
1056	1340	4	B
968	553	8	C
1001	685	2	D
670	1472	4	A
1240	593	32	B
1380	636	8	C
256	873	32	D
2016	1232	8	A
956	561	32	B
1303	358	32	C
1884	408	4	D
1079	1099	16	A
277	914	16	B
1626	128	4	C
367	121	4	D
1409	220	16	A
246	927	32	B
1122	146	4	C
521	625	4	D
194	1352	8	A
438	684	8	B
538	258	8	C
1599	1356	2	D
1407	1383	4	A
177	724	16	B
634	1403	4	C
342	504	32	D
1281	1152	32	A
1540	574	2	B
707	187	4	C
1529	224	4	D
493	656	16	A
1547	400	32	B
1803	787	4	C
728	532	16	D
1617	583	4	A
1521	377	8	B
1933	357	32	C
255	451	2	D
1431	871	4	A
1933	1442	2	B
1442	1112	8	C
897	433	4	D
1943	166	16	A
784	1172	2	B
1005	893	4	C
1868	1339	2	D
1868	456	32	A
427	541	2	B
543	184	2	C
395	176	4	D
1425	302	8	A
2006	1516	8	B
1803	165	2	C
1794	260	2	D
1570	1266	8	A
1155	155	4	B
1460	995	16	C
1032	216	16	D
1892	687	8	A
1577	760	2	B
148	1327	8	C
215	914	2	D
1734	155	32	A
811	370	16	B
382	860	16	C
550	730	4	D
828	129	32	A
726	1081	16	B
648	382	8	C
443	1077	8	D
1022	720	16	A
523	1151	4	B
1582	1034	2	C
952	268	32	D
1004	145	32	A
334	302	16	B
1607	1092	2	C
1486	138	32	D
293	1365	32	A
305	369	32	B
206	1095	32	C
613	1176	2	D
1886	713	4	A
704	1407	16	B
398	963	8	C
878	560	32	D
1997	494	16	A
1176	1253	32	B
1448	1218	8	C
1025	765	8	D
1197	764	32	A
145	818	16	B
1014	958	16	C
672	842	32	D
1539	929	8	A
232	1027	2	B
1369	856	8	C
1650	1278	4	D
437	1320	2	A
1303	269	32	B
1968	1184	32	C
1138	1204	2	D
2029	211	16	A
1332	484	4	B
589	1214	8	C
2026	1409	32	D
276	237	2	A
1321	821	16	B
1457	672	32	C
773	829	2	D
1872	122	4	A
697	269	32	B
1329	875	16	C
1442	617	4	D
411	440	16	A
1144	1356	8	B
1235	357	4	C
1301	1502	2	D
1299	851	4	A
465	1013	4	B
1007	174	2	C
2025	1417	16	D
1535	1411	2	A
1686	301	16	B
1288	927	8	C
148	175	4	D
1044	999	8	A
1939	1134	32	B
1294	867	4	C
225	1121	2	D
641	1012	4	A
253	197	4	B
871	488	2	C
1402	100	32	D
1863	1011	8	A
1877	1269	32	B
949	873	4	C
988	337	32	D
388	1311	32	A
1103	405	32	B
354	439	32	C
1172	1332	32	D
138	523	4	A
360	1051	32	B
1556	370	2	C
290	115	4	D
129	1323	8	A
1704	1019	32	B
374	1157	8	C
211	533	2	D
637	988	2	A
261	867	8	B
1594	655	2	C
974	1354	4	D
618	485	4	A
953	1379	32	B
440	780	4	C
1199	602	16	D
1804	1209	8	A
1104	1125	8	B
1981	1414	8	C
1459	740	4	D
708	689	8	A
160	1012	8	B
208	1089	4	C
130	1003	4	D
715	1185	32	A
104	340	32	B
1953	1395	32	C
1534	607	4	D
242	1194	4	A
1155	1041	4	B
876	664	2	C
1991	169	2	D
1716	1271	32	A
419	1236	4	B
305	213	4	C
904	1483	8	D
1586	1320	16	A
220	912	16	B
912	1454	16	C
1599	145	8	D
755	1331	32	A
1408	300	8	B
1082	684	16	C
355	462	8	D
1011	979	16	A
514	378	2	B
367	1299	2	C
1779	1249	4	D
1721	1302	2	A
1778	1317	8	B
1098	1526	8	C
1501	1384	4	D
1942	384	2	A
1108	735	16	B
1412	321	8	C
352	125	4	D
1888	1477	4	A
1000	935	8	B
2035	313	16	C
228	1486	16	D
803	118	2	A
1848	120	16	B
1667	1254	16	C
1229	590	2	D
1148	908	4	A
981	1306	16	B
1385	770	4	C
957	166	2	D
657	696	2	A
1707	1201	16	B
471	805	4	C
1820	1074	32	D
1453	1452	16	A
1828	177	16	B
519	1255	2	C
1092	821	2	D
981	975	32	A
352	1260	4	B
897	1454	2	C
1098	1303	8	D
973	164	16	A
1851	1331	4	B
401	778	8	C
338	134	2	D
1733	527	2	A
1804	1154	16	B
349	1530	32	C
156	1010	16	D
690	914	8	A
346	1300	4	B
1293	1234	2	C
1303	1402	2	D
923	661	2	A
560	349	32	B
1394	1112	4	C
984	572	32	D
1301	178	32	A
421	1160	32	B
816	1280	4	C
1313	242	8	D
1493	800	4	A
603	1273	16	B
1008	1064	2	C
614	1063	16	D
1296	471	16	A
1444	599	4	B
994	738	2	C
1094	922	8	D
1647	949	32	A
1041	309	16	B
1520	439	8	C
1398	738	4	D
312	1104	8	A
880	979	4	B
1160	542	4	C
138	1527	8	D
1716	1113	2	A
1667	985	2	B
319	1459	4	C
760	292	16	D
182	169	32	A
1717	970	2	B
1423	1368	32	C
767	153	2	D
1430	137	2	A
1069	327	32	B
517	1313	2	C
1844	691	4	D
1070	517	16	A
749	295	8	B
944	807	32	C
269	804	16	D
1873	411	8	A
471	669	2	B
133	1358	2	C
123	1217	32	D
1788	1192	16	A
1494	1534	16	B
1972	755	32	C
1410	413	32	D
661	315	2	A
1923	688	32	B
1193	938	2	C
1261	929	4	D
757	1435	2	A
629	1491	16	B
1570	292	8	C
936	257	16	D
1652	885	32	A
814	118	32	B
1064	1527	8	C
1649	1273	32	D
1025	705	32	A
1448	716	32	B
681	121	2	C
652	1191	16	D
1562	560	16	A
916	647	8	B
965	1104	8	C
684	576	16	D
1093	482	2	A
1421	544	32	B
1232	1450	32	C
597	226	4	D
1667	220	2	A
1810	823	32	B
240	1503	4	C
1431	978	32	D
1778	1445	2	A
1826	720	16	B
161	221	2	C
1614	689	2	D
1923	1410	32	A
1314	413	8	B
488	390	16	C
577	1286	2	D
764	1397	32	A
517	1404	2	B
1615	635	16	C
1139	1383	32	D
1265	1030	2	A
1777	681	32	B
1124	400	32	C
748	327	8	D
694	394	4	A
1848	221	4	B
1791	591	32	C
742	128	32	D
1244	1241	4	A
1819	1209	2	B
1999	579	8	C
112	378	8	D
1390	603	32	A
356	897	4	B
829	556	2	C
1361	722	4	D
204	721	32	A
441	961	8	B
1571	731	16	C
1475	763	4	D
1891	1534	16	A
313	1142	16	B
1623	1062	8	C
1999	327	32	D
242	707	16	A
1583	634	4	B
977	262	2	C
746	1172	2	D
1955	383	16	A
326	1352	2	B
1340	163	4	C
632	1125	4	D
604	1074	8	A
1243	728	2	B
385	1431	16	C
1398	695	2	D
1891	1374	8	A
1169	1316	4	B
760	738	2	C
109	1416	8	D
904	789	4	A
590	1492	8	B
1679	265	2	C
1218	1248	2	D
1673	1494	16	A
165	324	2	B
128	309	8	C
1535	406	16	D
1798	326	16	A
219	731	32	B
1095	163	8	C
146	764	16	D
942	1108	32	A
433	279	8	B
385	1446	2	C
1174	466	4	D
288	1416	4	A
498	502	2	B
1452	1497	8	C
719	1471	2	D
723	219	16	A
1227	330	4	B
276	634	32	C
536	784	16	D
1566	337	16	A
1982	537	8	B
1617	1299	16	C
193	1468	32	D
1649	499	2	A
1039	255	4	B
652	994	32	C
435	520	2	D
1787	545	4	A
1118	1109	4	B
894	1409	32	C
1698	1439	2	D
1436	1089	16	A
315	218	8	B
820	406	8	C
1293	651	16	D
1309	670	4	A
252	762	8	B
1447	605	8	C
329	155	8	D
1012	246	32	A
173	713	16	B
1738	933	16	C
886	1284	4	D
1940	771	32	A
646	657	16	B
1627	1381	16	C
1634	223	8	D
1044	1382	8	A
1445	630	32	B
297	369	32	C
994	127	4	D
624	1110	8	A
1482	550	32	B
984	1174	2	C
1342	270	32	D
285	853	2	A
135	1107	4	B
1503	295	4	C
1821	215	2	D
658	509	16	A
835	1329	16	B
1633	1490	2	C
103	745	8	D
1252	781	2	A
1320	460	32	B
1625	1256	2	C
647	879	32	D
1775	951	4	A
1649	832	32	B
643	1063	8	C
1476	632	4	D
1600	1109	8	A
981	780	32	B
723	1057	8	C
133	631	32	D
762	853	32	A
1964	1300	8	B
1527	679	4	C
581	432	16	D
1448	668	16	A
1638	1381	32	B
566	1403	8	C
209	280	4	D
866	332	16	A
491	153	32	B
1049	224	4	C
1149	454	4	D
1510	999	32	A
1718	621	8	B
1491	845	32	C
478	905	2	D
1389	1162	8	A
2033	824	4	B
1710	127	16	C
930	378	16	D
1208	1392	4	A
483	489	4	B
357	1095	32	C
841	1350	4	D
744	411	16	A
407	585	4	B
1710	384	2	C
1813	1532	16	D
695	466	16	A
983	235	2	B
301	501	8	C
1808	364	32	D
741	1452	4	A
1507	720	32	B
1593	647	2	C
933	146	2	D
484	348	32	A
1747	940	4	B
1904	404	32	C
1672	129	2	D
629	272	2	A
510	1496	32	B
123	1141	4	C
720	520	16	D
1456	1447	32	A
276	389	4	B
198	1283	8	C
220	1039	32	D
2045	490	4	A
2047	1196	8	B
651	256	4	C
641	1215	2	D
1508	476	16	A
584	1350	8	B
1522	1263	32	C
162	1497	32	D
1679	1272	2	A
1946	1115	32	B
1033	1323	8	C
1522	385	32	D
683	325	8	A
1417	473	32	B
291	104	8	C
100	739	4	D
318	102	32	A
789	1158	8	B
519	402	2	C
1853	630	4	D
1928	1168	8	A
1277	247	32	B
740	1223	2	C
272	352	4	D
1797	1424	4	A
1609	661	16	B
520	1169	8	C
825	1088	4	D
883	736	32	A
175	274	4	B
1491	322	32	C
1085	487	2	D
1901	720	16	A
1864	233	16	B
1508	240	8	C
1142	1022	4	D
152	1277	32	A
343	812	8	B
489	1101	4	C
256	824	2	D
915	743	4	A
777	1376	32	B
1411	1289	16	C
1808	200	2	D
902	912	16	A
1337	655	8	B
1741	536	32	C
493	1037	8	D
2025	492	32	A
925	1508	8	B
1076	848	2	C
1131	380	32	D
1058	1375	8	A
1095	951	4	B
1334	1428	32	C
464	175	32	D
181	917	8	A
614	788	2	B
1215	455	8	C
1893	288	2	D
1909	1114	8	A
1062	1408	8	B
626	127	4	C
1202	227	4	D
1442	644	16	A
993	1354	32	B
217	773	32	C
866	1103	2	D
760	612	32	A
896	439	2	B
1624	1268	16	C
866	1415	4	D
1549	944	4	A
560	259	32	B
1415	512	8	C
1090	855	2	D
821	1425	2	A
1225	865	8	B
1050	812	8	C
125	614	4	D
1594	1201	16	A
772	520	4	B
1446	637	4	C
1055	108	16	D
809	1169	16	A
1224	679	16	B
218	602	16	C
1971	1264	16	D
747	319	16	A
423	899	2	B
612	1273	4	C
1726	542	4	D
1473	1073	2	A
335	472	2	B
237	984	16	C
1735	1008	8	D
1460	1271	32	A
386	1356	32	B
821	1412	32	C
1099	309	4	D
1810	631	2	A
568	157	16	B
1319	801	4	C
1250	1028	32	D
718	274	2	A
1617	1466	4	B
1559	1172	4	C
1780	1286	8	D
1346	1423	2	A
757	424	32	B
187	419	16	C
885	251	16	D
724	766	32	A
1425	731	2	B
209	497	2	C
1852	395	16	D
1387	317	16	A
1327	601	4	B
1268	458	2	C
1998	1366	16	D
320	488	32	A
1396	666	32	B
1580	913	16	C
764	1455	8	D
1324	269	32	A
1332	407	8	B
374	874	16	C
1795	350	2	D
1905	955	8	A
1575	982	4	B
1997	714	4	C
2043	1274	8	D
1905	233	32	A
191	733	2	B
427	1002	4	C
195	823	16	D
1178	923	8	A
1344	887	16	B
1410	792	2	C
789	321	32	D
286	206	8	A
632	826	4	B
1093	892	4	C
191	195	2	D
1336	1527	32	A
428	1054	2	B
861	1314	8	C
1432	565	32	D
1038	864	2	A
1163	993	2	B
1010	1077	2	C
1690	171	16	D
227	1372	4	A
1870	370	4	B
209	258	8	C
345	330	32	D
1698	155	4	A
1972	1372	16	B
1446	1099	2	C
2048	1112	16	D
1121	1179	4	A
1548	867	2	B
1825	202	2	C
1044	710	8	D
1365	1400	16	A
1677	449	16	B
1811	1346	8	C
157	504	16	D
1659	1185	4	A
627	1223	8	B
720	1501	2	C
290	405	32	D
1254	1386	8	A
303	1241	16	B
842	573	16	C
901	1382	8	D
746	907	2	A
1449	1525	2	B
1274	761	8	C
852	1493	32	D
278	944	4	A
660	571	4	B
625	209	2	C
1764	322	32	D
144	385	2	A
1377	470	4	B
1444	1219	8	C
1212	361	8	D
351	371	2	A
1186	1382	4	B
802	1144	4	C
808	842	4	D
1733	820	32	A
1745	276	2	B
1131	296	4	C
1664	455	2	D
1640	1536	2	A
1538	147	2	B
1892	393	4	C
1712	863	4	D
1374	683	8	A
457	153	16	B
271	169	8	C
1809	1490	8	D
1300	430	16	A
1860	364	4	B
938	919	32	C
1083	1182	2	D
266	518	2	A
1445	790	4	B
1714	788	8	C
434	980	2	D
631	955	16	A
1171	576	2	B
929	1398	16	C
126	930	16	D
1619	213	4	A
359	509	4	B
758	185	16	C
834	1115	4	D
569	1223	2	A
188	296	2	B
1412	1486	8	C
196	1214	2	D
1404	1354	32	A
310	1163	2	B
507	473	32	C
823	1134	4	D
1400	486	4	A
128	1066	32	B
1558	693	32	C
1312	1254	4	D
1639	380	32	A
162	378	8	B
694	1353	16	C
755	108	16	D
1621	1511	8	A
1546	1533	4	B
1834	1332	16	C
1163	687	8	D
1877	1528	8	A
1226	1403	2	B
657	429	8	C
585	1515	16	D
1331	1133	4	A
903	205	2	B
1129	684	4	C
1550	267	4	D
324	1450	4	A
443	1377	8	B
1417	1119	16	C
1907	147	4	D
1364	960	32	A
274	523	4	B
271	375	8	C
1898	1531	32	D
1761	490	4	A
146	756	4	B
801	811	8	C
1729	572	2	D
959	215	32	A
1285	1045	4	B
1943	349	4	C
1622	196	8	D
1660	323	2	A
1909	734	32	B
1868	544	8	C
359	882	4	D
612	287	2	A
1016	165	32	B
471	1082	8	C
1405	1240	4	D
1085	1475	16	A
471	328	2	B
368	514	16	C
1883	401	16	D
317	679	2	A
304	1116	2	B
484	1368	32	C
128	964	4	D
540	135	8	A
1048	661	4	B
1584	486	4	C
1635	324	4	D
1632	670	8	A
2042	1390	2	B
1679	1484	2	C
153	1160	8	D
1102	639	32	A
666	271	32	B
192	265	8	C
796	1381	8	D
1999	1496	16	A
1423	977	2	B
1465	512	8	C
1951	490	16	D
1989	1079	2	A
1845	594	32	B
355	1436	16	C
1739	1032	32	D
538	622	32	A
1939	1147	4	B
1217	1125	32	C
811	1486	16	D
1866	106	2	A
1702	789	16	B
1015	824	8	C
1754	634	2	D
102	1339	32	A
613	556	16	B
1474	123	8	C
289	159	16	D
138	1099	8	A
1935	946	8	B
1806	719	8	C
1657	652	2	D
1788	1500	8	A
1372	649	8	B
1329	875	4	C
301	843	2	D
1926	891	16	A
509	1273	2	B
1643	884	4	C
464	390	16	D
994	399	16	A
288	591	4	B
904	1260	4	C
2027	535	2	D
1045	413	32	A
448	943	4	B
1621	510	8	C
1126	704	2	D
1481	578	2	A
1581	1218	2	B
1948	536	4	C
704	289	32	D
1729	875	2	A
1022	998	16	B
1571	929	8	C
1028	562	2	D
1078	990	16	A
1070	1041	32	B
1402	1456	16	C
1855	916	16	D
1526	273	8	A
260	904	16	B
700	1148	16	C
1290	101	32	D
2020	482	16	A
851	475	16	B
1830	639	2	C
997	890	8	D
477	712	4	A
1001	537	32	B
1937	1489	32	C
1415	519	16	D
263	582	8	A
1161	451	16	B
1848	1173	16	C
1166	199	2	D
1045	623	32	A
1899	471	2	B
431	152	2	C
1328	555	32	D
1689	1234	4	A
670	1088	32	B
1198	257	4	C
680	283	2	D
1610	298	2	A
911	1446	4	B
1925	185	4	C
1876	568	4	D
1882	917	8	A
226	464	32	B
716	679	32	C
706	1223	8	D
1781	727	2	A
2013	875	8	B
935	666	16	C
1079	1106	16	D
589	1437	4	A
411	705	16	B
894	716	8	C
1857	736	8	D
1823	554	32	A
746	416	4	B
1371	819	32	C
489	1458	16	D
139	1433	4	A
1244	561	32	B
1232	307	32	C
368	294	2	D
817	1051	4	A
1431	1186	2	B
1601	998	2	C
228	348	8	D
1423	1204	4	A
2019	961	8	B
150	636	2	C
800	274	16	D
1275	682	4	A
957	609	16	B
1042	1339	16	C
220	1504	32	D
1931	575	16	A
748	858	16	B
1112	377	8	C
1104	733	32	D
1760	306	4	A
223	1422	4	B
1542	482	4	C
870	1150	2	D
1940	1519	8	A
228	1118	8	B
330	1394	32	C
1530	1411	2	D
639	263	2	A
327	438	2	B
990	1304	8	C
1275	371	32	D
1503	326	8	A
327	1304	2	B
1206	1333	8	C
317	579	4	D
686	326	8	A
579	1528	32	B
655	704	16	C
1528	1381	4	D
1107	271	32	A
1731	269	4	B
1713	1354	32	C
1750	261	8	D
995	191	4	A
1328	937	32	B
1436	1095	8	C
255	1499	16	D
322	660	8	A
1152	259	32	B
1608	1440	8	C
1262	1056	16	D
1534	568	4	A
1853	302	4	B
723	700	16	C
108	833	16	D
383	1376	2	A
193	766	8	B
176	823	32	C
819	348	8	D
991	270	2	A
1179	476	8	B
1662	461	32	C
1905	243	8	D
1383	460	2	A
1120	1504	2	B
363	278	32	C
883	288	2	D
1626	1474	32	A
164	703	8	B
1241	773	16	C
900	520	4	D
575	1376	16	A
2022	771	16	B
171	1146	8	C
1433	1292	8	D
917	1477	2	A
1455	1185	4	B
385	723	8	C
708	1412	16	D
715	852	4	A
1063	824	32	B
116	1178	4	C
432	1376	16	D
1753	454	8	A
1498	384	16	B
1760	436	32	C
652	469	32	D
729	963	4	A
1119	1070	8	B
1319	571	8	C
1236	943	4	D
1290	340	2	A
1187	1384	16	B
1679	1451	2	C
1536	289	16	D
154	1492	2	A
1473	670	4	B
1511	1093	2	C
259	358	8	D
1696	734	8	A
1922	822	32	B
1663	1409	32	C
239	1518	2	D
571	518	32	A
811	1090	16	B
429	781	2	C
135	1107	4	D
534	564	4	A
1699	847	16	B
1070	1497	32	C
838	1173	16	D
1623	826	4	A
1850	709	32	B
931	808	8	C
1273	1507	32	D
632	321	4	A
847	1167	2	B
1007	798	16	C
437	1071	32	D
220	1272	32	A
1802	737	2	B
239	1193	16	C
1262	232	4	D
1867	761	4	A
1224	683	2	B
1092	151	32	C
540	1480	16	D
1767	518	8	A
1951	1423	8	B
1577	623	16	C
716	1500	8	D
1878	569	4	A
707	1005	16	B
363	1529	32	C
1635	778	4	D
892	968	4	A
1983	511	4	B
1443	758	2	C
260	619	8	D
199	623	4	A
358	968	8	B
1102	1290	16	C
296	925	16	D
883	855	4	A
1794	894	4	B
816	1498	32	C
207	296	16	D
814	170	4	A
1195	370	2	B
1265	827	2	C
795	1255	8	D
1311	519	4	A
1171	104	2	B
1896	712	4	C
1867	1337	16	D
1406	655	8	A
513	892	8	B
1134	1029	8	C
1550	256	16	D
1172	295	32	A
282	262	8	B
482	346	8	C
375	167	2	D
402	327	32	A
607	1036	2	B
1146	1251	32	C
1935	731	16	D
1004	668	8	A
585	1266	4	B
124	434	16	C
1021	1160	2	D
1653	299	2	A
525	240	4	B
1306	1156	2	C
866	1363	4	D
1308	325	4	A
2028	1022	2	B
425	482	16	C
176	548	4	D
1584	450	32	A
1869	734	16	B
387	198	4	C
1555	208	32	D
1491	613	4	A
1978	735	16	B
1489	317	8	C
987	1348	8	D
322	1174	4	A
771	984	2	B
1601	372	32	C
1854	629	2	D
1354	408	8	A
1532	1251	8	B
1125	1163	16	C
380	1483	2	D
1092	890	16	A
1500	1345	32	B
501	136	8	C
1634	870	16	D
164	858	16	A
606	883	32	B
1032	1322	2	C
1171	992	32	D
532	1185	8	A
1969	104	2	B
203	1018	32	C
759	211	2	D
278	786	8	A
1856	1470	8	B
227	232	4	C
1476	1481	16	D
664	1135	32	A
452	1206	16	B
1637	1376	2	C
1218	168	2	D
1110	910	8	A
1482	238	4	B
1831	1283	32	C
622	1188	2	D
1414	764	8	A
1466	1392	8	B
1665	1514	32	C
1623	1262	32	D
1904	372	2	A
1701	363	4	B
1529	386	8	C
636	972	2	D
392	309	2	A
574	1021	2	B
1779	282	32	C
345	383	16	D
