333
54
32
61
49
48
28
30
16
24
51
12
68
63
80
99
2
98
91
65
6
22
97
14
1
65
22
93
28
10
24
53
67
8
63
56
35
11
62
61
24
97
62
99
83
67
34
94
64
100
78
46
62
85
96
24
86
32
1
31
97
29
67
80
56
55
27
30
38
99
68
23
84
84
30
11
46
100
6
1
16
31
39
96
16
88
39
54
63
41
57
65
72
75
2
27
17
77
63
16
36
84
89
16
44
83
12
81
9
71
14
48
62
22
67
19
80
79
14
3
34
15
7
9
30
30
95
80
58
93
45
51
69
28
60
54
33
72
81
62
69
23
71
27
2
24
56
99
56
43
48
45
72
78
74
79
55
98
99
83
7
41
86
80
43
3
75
65
41
93
44
24
42
54
71
1
47
75
85
46
93
47
74
93
37
48
71
31
6
46
79
53
4
26
34
33
83
55
1
14
88
6
65
40
12
49
63
25
97
12
82
45
34
79
65
80
36
40
84
34
6
5
81
5
19
69
25
88
30
100
35
100
82
86
99
91
71
33
81
48
20
62
62
53
29
79
74
39
56
80
11
55
45
38
82
30
57
90
47
54
79
13
96
1
7
75
92
53
83
19
14
99
36
17
39
36
74
88
45
20
59
47
4
6
81
33
67
34
14
43
42
64
49
49
49
70
63
14
40
69
46
58
14
15
56
68
86
70
12
80
22
30
76
95
85
43
51
79
35
69
96
66
28
8
93
43
12
88
94
15
93
28
86
36
96
