3333
70
37
9
80
71
96
50
21
25
79
98
99
86
66
14
52
61
29
87
48
58
35
52
60
45
42
37
99
21
23
53
21
30
86
69
85
39
16
87
2
2
14
54
74
53
100
16
72
87
60
37
40
14
74
97
18
79
45
41
96
99
21
10
12
2
66
31
3
88
75
64
84
47
57
1
91
100
46
65
39
86
43
56
3
92
28
85
36
89
100
1
87
90
24
16
19
12
7
19
69
14
12
12
96
67
19
57
86
26
29
43
16
48
65
39
48
5
80
60
84
92
62
91
77
4
66
66
52
1
78
96
86
86
22
51
39
90
14
15
40
51
22
66
67
14
65
48
83
96
57
61
88
30
18
98
4
60
79
70
60
37
11
69
94
60
73
93
11
66
45
6
22
29
12
51
64
44
84
78
6
36
31
99
85
87
31
87
1
47
8
91
69
22
71
95
34
45
19
85
57
21
56
33
30
6
16
71
98
71
29
19
44
2
40
37
21
62
66
71
67
49
29
95
2
7
22
21
71
63
83
44
96
61
17
30
91
72
64
22
57
6
56
25
55
7
57
95
61
31
49
44
26
96
11
87
46
33
44
33
97
27
23
97
62
4
61
36
93
57
83
12
60
24
73
70
28
50
66
80
63
83
61
30
58
96
10
89
95
51
12
39
93
31
18
27
61
49
56
37
49
24
34
78
7
22
97
56
7
82
3
23
36
80
26
25
69
73
46
21
83
90
46
64
24
63
46
92
38
40
27
56
29
30
4
53
91
2
61
49
64
70
69
24
20
39
40
3
96
66
80
100
3
47
100
60
59
33
3
62
57
84
70
61
64
74
15
97
11
48
49
6
86
88
21
36
55
37
97
60
51
13
30
36
68
4
88
28
94
72
68
33
34
23
32
7
55
57
21
48
80
33
50
57
93
3
23
65
53
39
43
81
5
59
85
64
49
79
30
34
91
95
8
31
35
33
17
43
4
78
66
42
19
95
83
94
61
33
62
39
82
38
68
64
60
10
31
77
33
35
18
94
44
24
24
53
24
69
85
96
29
98
96
66
79
33
5
61
94
29
76
41
2
30
99
40
92
18
83
97
73
4
48
71
20
31
27
70
63
58
82
15
5
55
69
31
47
88
68
41
65
87
81
96
98
51
47
3
92
66
20
100
32
70
62
65
22
15
62
27
90
47
28
34
48
61
43
65
72
31
91
15
99
32
25
75
31
79
99
78
1
38
83
25
4
87
76
5
18
76
6
98
54
9
27
17
51
54
37
94
80
70
16
80
92
94
38
67
28
18
66
38
72
88
18
91
97
52
63
52
94
73
87
6
99
24
33
54
7
4
45
7
28
19
40
63
31
19
89
20
3
41
47
70
35
22
51
44
59
83
86
5
47
63
20
73
78
25
64
5
86
34
12
58
68
26
92
58
69
44
40
71
70
13
92
40
85
78
37
47
63
65
13
58
62
18
78
35
64
27
98
86
72
90
52
13
42
34
35
63
86
65
4
5
62
26
19
100
39
56
57
39
47
58
61
54
2
67
60
31
96
25
54
94
81
16
61
63
86
63
31
53
18
52
13
95
22
51
10
35
39
2
17
3
86
2
79
6
52
25
67
27
4
89
82
79
34
19
75
15
58
96
6
1
4
66
92
17
46
26
63
95
100
80
45
38
65
82
73
6
79
90
47
72
98
53
91
81
97
100
39
57
83
40
45
87
91
18
67
40
91
77
28
68
90
69
15
49
39
68
71
97
69
64
9
57
36
41
93
67
20
61
88
93
91
78
48
41
93
90
49
16
20
24
86
51
81
22
61
30
36
23
99
67
47
2
36
54
72
22
51
13
46
57
25
100
94
45
64
60
17
28
44
90
35
100
21
12
1
99
27
20
43
2
14
99
89
42
83
51
31
21
43
64
85
35
66
12
26
70
55
51
97
45
57
68
50
38
84
19
76
93
63
5
41
11
9
58
89
54
91
92
81
91
14
12
29
4
61
21
54
24
6
22
27
49
57
12
76
94
8
49
60
88
56
56
79
97
91
36
84
21
27
9
8
69
98
99
10
13
19
19
12
46
45
86
38
69
53
82
92
99
6
54
43
52
37
48
88
11
37
63
86
66
27
13
11
12
83
83
59
9
69
48
31
64
4
62
41
86
72
11
95
3
23
22
55
35
70
4
15
70
67
64
55
73
2
99
41
16
85
86
100
58
70
96
39
82
44
34
38
98
21
82
15
8
60
21
2
82
49
69
61
7
31
59
14
30
46
98
1
41
5
35
74
87
20
100
3
47
47
28
43
98
2
12
60
6
45
32
41
46
70
60
48
77
74
9
55
92
55
22
35
70
89
91
11
79
30
98
37
9
13
29
65
4
5
73
52
55
48
69
90
39
90
31
90
80
63
33
46
92
40
66
32
80
68
83
18
22
48
63
9
4
69
61
86
60
50
45
16
58
48
38
84
75
14
16
36
30
54
43
31
38
85
18
56
29
36
72
80
91
70
72
40
85
73
96
3
97
97
81
96
98
68
89
21
24
83
40
30
50
35
50
15
60
29
80
4
91
51
71
67
82
93
4
82
24
32
4
65
55
48
2
100
97
5
40
61
98
100
22
73
96
48
87
86
57
47
99
37
10
93
67
31
12
7
27
34
91
85
95
23
3
39
15
49
77
80
81
86
5
67
48
55
14
14
31
18
12
44
81
87
34
47
60
28
67
76
1
83
34
54
5
76
95
93
52
6
73
13
33
52
93
33
79
68
1
2
95
79
39
94
96
47
87
41
27
7
95
23
76
47
85
86
84
23
24
37
66
62
78
1
44
51
82
72
8
39
1
11
72
32
39
8
56
53
85
8
94
59
24
15
90
1
36
89
74
30
84
59
80
50
70
1
96
11
83
31
25
57
78
34
48
31
9
15
82
82
95
93
35
11
73
43
13
46
97
93
20
53
70
26
92
89
94
49
88
74
57
30
7
50
78
57
32
44
92
69
22
17
43
72
20
46
37
88
42
77
52
93
67
80
54
14
76
14
70
95
88
27
33
59
57
64
69
6
46
36
25
31
74
94
47
41
51
10
40
85
30
70
16
1
62
72
18
52
77
72
71
76
57
54
92
10
99
37
64
41
12
12
38
59
17
7
21
41
29
68
47
34
10
25
63
64
28
10
42
56
44
16
6
44
55
24
66
36
26
15
56
10
1
92
9
79
51
39
55
28
29
24
63
91
75
45
41
84
66
52
47
65
74
83
38
43
60
44
34
65
80
97
95
88
98
60
17
96
17
29
24
10
58
52
60
77
20
78
69
72
79
100
58
78
8
100
6
26
51
16
6
95
69
21
20
12
6
35
60
34
37
61
92
64
82
57
14
51
81
18
4
20
42
25
85
63
38
4
9
28
20
66
39
65
2
30
57
25
9
29
93
86
69
27
20
39
98
39
87
28
85
87
87
86
20
58
80
72
18
54
64
63
5
24
41
17
21
60
18
90
10
43
94
39
34
89
22
79
78
11
5
84
20
67
96
4
39
18
39
20
77
24
88
46
41
98
79
16
65
50
14
87
33
65
28
95
59
70
82
99
46
57
1
78
29
9
78
42
80
91
63
38
36
21
82
6
40
80
50
21
60
93
20
100
17
69
89
91
89
36
43
38
10
51
83
48
83
86
36
96
90
94
67
71
28
27
41
59
38
40
96
54
23
53
8
70
56
22
12
62
16
49
70
38
56
6
12
21
28
50
100
62
53
29
93
88
24
2
13
9
62
8
24
3
95
31
33
94
4
49
91
81
14
87
83
29
60
37
51
67
92
66
68
76
70
77
4
45
17
9
21
20
26
18
13
70
39
15
88
90
84
66
31
77
65
65
83
70
22
72
65
66
50
83
13
91
83
49
92
57
85
8
65
50
79
80
30
76
25
79
16
67
27
8
96
16
51
72
39
69
27
47
3
99
91
82
68
96
77
65
75
82
8
95
65
49
16
92
24
86
95
36
13
52
69
97
59
77
17
58
4
1
66
55
26
64
51
53
10
4
57
70
37
87
91
28
92
75
38
23
73
53
25
54
56
17
62
23
18
45
57
42
35
71
93
75
7
33
83
22
73
63
56
8
60
45
92
26
34
89
33
92
27
10
19
45
86
80
58
90
6
14
4
27
9
96
58
51
64
57
25
31
81
33
62
73
7
22
24
86
27
54
13
91
32
52
44
72
50
40
76
67
82
46
46
59
53
40
12
15
68
90
95
22
71
14
99
66
21
36
56
91
10
11
63
62
65
10
20
32
74
73
8
87
98
11
78
37
41
12
73
53
88
20
4
89
52
32
85
73
80
48
48
59
66
9
99
25
98
78
21
91
75
74
54
77
73
100
25
51
31
10
38
66
4
16
42
31
24
5
67
43
96
89
13
12
67
30
80
79
90
15
18
27
58
24
21
73
25
93
64
91
91
90
8
75
63
77
61
12
72
15
92
75
52
43
65
81
54
89
44
68
98
44
54
34
38
71
48
5
38
61
15
96
78
30
55
3
42
76
44
26
56
91
43
77
98
32
42
6
9
81
14
27
83
23
17
33
5
67
75
74
42
46
82
38
100
53
63
57
78
62
10
27
34
62
36
3
98
57
69
8
91
95
66
3
17
71
82
44
65
34
59
34
30
76
78
30
60
30
93
56
99
33
23
39
4
96
65
95
65
74
39
53
73
9
40
39
90
83
92
19
45
3
46
75
78
77
79
68
91
59
93
32
75
46
6
15
28
61
33
4
65
86
66
52
34
78
10
59
14
3
51
45
95
54
93
50
13
26
14
99
38
32
18
75
16
53
87
92
75
82
30
87
93
30
6
30
77
10
87
24
35
86
83
82
44
78
68
83
37
4
14
79
32
54
39
35
49
56
51
61
47
11
51
41
7
73
37
47
59
45
78
63
76
5
45
49
60
45
80
30
41
83
93
26
87
35
9
58
93
90
64
97
10
26
34
11
19
45
48
90
32
2
76
3
69
39
76
36
62
63
2
12
41
59
83
13
94
77
69
88
49
24
1
49
69
51
60
50
63
18
64
13
95
9
74
94
6
80
100
97
25
52
18
28
91
97
55
67
89
7
49
19
15
42
20
79
90
26
58
92
33
28
26
93
7
19
77
94
34
92
99
81
2
70
85
62
79
49
58
30
55
22
45
90
40
3
68
57
67
55
54
68
8
36
41
59
41
96
7
90
15
25
95
17
48
71
53
15
57
22
18
33
18
90
51
77
15
6
57
58
25
69
79
100
33
15
14
27
8
100
94
55
29
71
56
49
61
64
20
60
22
33
49
95
12
90
90
19
81
7
20
80
21
2
75
4
20
14
22
54
69
46
68
70
59
100
58
71
40
13
89
8
64
99
11
12
95
12
34
65
99
39
45
35
6
48
34
44
54
63
3
36
88
41
57
5
48
57
37
30
39
72
85
33
1
48
2
30
14
38
46
29
9
63
75
20
45
3
49
6
15
4
97
25
24
19
19
33
13
28
57
28
80
74
79
77
80
12
92
59
56
71
84
63
32
80
85
15
30
42
40
82
6
81
47
25
56
42
73
96
68
38
79
92
41
13
95
43
37
3
27
2
47
94
89
58
64
35
38
51
99
84
38
55
66
82
55
7
39
70
48
84
88
91
76
46
34
13
42
3
95
59
64
45
53
1
22
9
31
16
15
25
81
86
34
40
1
8
82
50
100
83
71
26
95
10
95
89
5
1
19
81
94
47
91
40
12
83
40
70
83
87
84
97
25
95
76
36
67
27
57
50
53
31
95
38
21
30
86
79
13
87
25
78
10
97
33
63
3
67
69
8
78
45
64
54
88
93
48
22
90
50
42
16
95
57
83
57
60
43
47
5
64
54
49
23
95
37
4
22
19
63
8
32
64
43
5
12
30
88
90
30
29
73
68
78
58
82
88
77
19
64
57
11
88
48
19
56
73
19
7
62
22
64
51
69
14
25
88
12
78
50
43
47
50
74
80
11
55
2
63
67
72
8
97
88
67
37
73
15
2
91
9
51
14
97
57
44
90
41
47
19
49
47
42
24
90
39
17
34
51
36
48
68
50
21
50
91
86
16
85
15
22
57
54
96
64
40
19
75
28
18
99
8
96
58
44
64
67
3
7
70
36
39
33
31
66
89
79
30
26
36
91
50
97
41
24
96
83
51
28
82
90
59
85
44
69
65
89
84
6
68
85
73
8
42
1
78
6
70
33
22
25
12
12
9
48
70
72
47
38
96
13
26
77
64
23
20
26
93
53
9
12
86
74
6
98
58
21
43
60
70
73
5
65
38
84
6
51
64
80
82
32
30
21
38
20
64
82
48
53
5
57
8
47
38
14
68
54
66
84
24
42
16
73
16
72
27
19
29
23
15
28
7
57
6
6
49
80
84
88
95
95
13
43
23
93
64
36
46
19
75
50
9
59
53
17
94
12
97
42
86
43
1
14
3
14
99
8
89
77
11
19
42
33
76
1
34
75
50
70
99
50
35
75
6
7
81
48
15
49
17
40
9
2
68
87
2
54
18
31
15
43
98
98
88
96
50
18
46
44
27
46
53
91
31
89
34
83
61
63
39
63
40
18
49
73
48
24
51
8
23
54
76
57
23
1
13
78
91
15
44
20
92
79
60
36
99
4
66
27
49
84
83
58
18
6
93
54
36
45
58
99
73
39
68
54
54
99
24
8
14
71
7
37
43
92
5
94
38
40
59
1
95
96
91
14
54
82
45
3
34
53
50
41
27
69
99
68
88
17
75
43
18
45
51
74
87
74
31
91
11
90
68
78
97
48
91
100
3
55
48
22
42
45
43
93
6
19
66
49
81
98
76
90
19
1
36
2
5
20
66
48
98
67
70
26
75
66
91
30
78
4
59
38
92
66
44
55
55
57
35
95
16
22
12
12
79
21
18
71
7
89
18
40
70
27
68
8
67
38
53
2
52
35
4
7
89
100
100
95
57
36
100
93
22
67
86
50
2
69
35
59
77
12
33
12
76
46
77
48
20
14
99
67
8
59
94
10
40
43
41
14
69
31
48
24
100
9
77
91
90
18
62
61
10
38
74
32
15
87
12
41
4
1
66
35
37
85
23
9
46
82
43
31
70
5
18
39
11
98
48
16
71
26
98
63
61
27
93
55
22
51
54
83
83
31
63
66
100
57
65
19
71
43
57
17
57
37
79
94
93
25
76
25
98
12
10
6
65
1
18
72
74
45
53
44
74
21
38
32
61
65
90
85
30
1
81
76
98
16
70
26
30
77
15
75
4
74
67
30
43
19
84
33
29
79
72
86
48
40
74
82
49
3
47
13
18
85
96
53
21
87
79
59
20
47
89
76
17
60
34
13
62
65
90
85
70
41
96
36
68
62
67
34
18
49
15
90
14
63
15
79
25
23
92
6
20
82
72
73
51
75
1
33
1
48
75
18
12
6
6
23
66
73
9
95
6
43
9
27
16
43
71
83
29
55
46
14
40
55
2
40
53
54
19
25
92
69
47
95
98
42
34
2
66
53
25
100
24
59
44
79
82
