-32765
98313
-98300
-32746
98310
-65514
32790
-65513
-98280
65564
-32740
-98276
98340
98341
65575
-98252
-98255
-32714
98355
98361
65590
-65477
-65480
-98232
98365
65613
65605
-98226
-65460
-98224
32845
-32686
-65455
98387
98395
65623
32865
65624
65635
65628
98405
32861
-32665
32874
-98200
-98198
-65425
-98196
32880
98417
-65415
65658
-32645
-32636
65665
65669
-32625
65676
65685
-65384
-98150
98464
98460
98491
65695
-32567
-98125
-65333
-65350
32981
-32575
33011
98500
98547
98505
-65291
98515
65784
-65325
-65282
-32540
-32511
65770
98564
65775
33029
-98055
65798
-65285
65808
65795
65809
98565
33054
-32500
-98017
33040
65824
65815
98598
-32475
98599
-98010
33074
-65230
-32462
33075
98619
-65225
33084
-65220
65853
98630
-97986
65870
-97981
-32430
33108
-97960
98649
98650
-32422
33120
65904
-97945
-32391
-97935
98694
65910
-32371
-32390
98703
65915
-32364
-97915
33174
65930
-65122
-65135
98734
-97885
65973
-97870
-65092
98740
65982
-65095
-97856
-32320
33222
33220
-65076
-97850
33231
33230
98773
66005
-65062
66010
-97828
66020
98797
-65045
98801
33260
98803
-32275
66041
66030
33292
98800
33293
-97805
33302
33270
66074
98810
-97766
-65030
-97764
33280
98846
-97785
-32222
98825
-64989
66070
-97751
-65000
66093
33315
98864
98855
66099
-64985
33337
-64970
33343
66120
33351
-97715
33352
33370
-97717
98910
-64946
-64930
-32177
-64925
-32173
33405
-97686
-32130
-64917
-64895
33388
66180
33394
-64890
33403
-64880
66171
66205
33417
98980
33419
-32090
33462
-64850
66232
-97615
-32071
66230
-97602
66235
-32062
33475
-32054
-97580
33483
-32040
66251
33500
33489
-32025
66261
-97550
66263
66295
33496
99070
66267
-64770
99042
-97535
-32029
33550
-97551
33555
66291
66340
33526
33580
66294
-31945
-97546
66360
33532
66365
-64769
99135
-97528
-64695
-97509
33610
-31951
-31925
33587
99155
66358
-31915
-64713
99165
33597
-97440
66379
-64670
-64689
33640
99154
66415
-31917
-31875
33623
99200
-64678
-97400
66396
99210
33641
-97390
-31894
99225
66416
33690
-31886
99245
33651
-31815
-64652
-64580
-64649
33725
-31878
-31810
-31871
-31805
99212
-31800
-97394
-64560
-64624
33745
-31839
66515
33699
66520
-64599
-31780
33712
33760
33717
66530
33724
-31770
66499
-64530
-97329
99315
-97323
99330
99286
-31735
33754
66570
-31771
66575
-97306
66580
66536
99355
33773
66590
99314
33825
-97289
-31710
-97287
66595
-64516
-97245
33797
66600
99343
99375
66576
-64465
-97257
-31695
-64486
-97225
99363
-31680
-64477
-97215
-97244
66635
-31708
-97205
-64457
-64435
-97212
33870
66633
-97200
33868
66650
-64428
-31640
-64419
33905
-31649
-31615
99424
66705
-64396
-97130
-31623
99480
-97154
-64360
99457
-97125
-97151
99485
-97148
99490
-64379
-64345
-64376
33960
-97141
-64335
-97116
33970
99499
99510
-97102
-64315
-64307
-64310
-64303
33995
-31533
-31530
99544
-97065
-97062
-64295
-64294
34020
66788
66790
-31511
-97045
66796
-31505
34032
-97040
-31489
-64270
-64257
-64250
99591
34055
66834
66825
-31469
-97015
99606
66840
-96994
-31460
34082
66845
-96982
34095
-31442
99640
-31438
-31430
-31434
66875
-64202
-64190
34108
99665
-31428
34130
-64176
34140
66898
-64160
-96941
-31385
34132
34155
-31406
-31365
-31396
66940
99678
-64130
99696
-31360
34172
-96885
-64131
99725
-31359
99740
34184
34210
-31351
-64085
34188
-96850
-64107
66995
66967
67000
-31329
99770
-31324
-31280
66981
99820
34217
-64020
-31303
99825
99771
34290
-64069
-31245
-31293
67060
-96827
99830
99787
-64010
34256
-96775
-96813
67090
-31277
-96750
34262
-31210
-96801
67095
-96794
34330
67049
99875
67051
99885
-64013
-96720
-31236
-63945
-63999
34365
99848
99905
34313
34370
-63977
99910
-63972
67145
99872
-63920
99882
-96680
-63926
99935
99917
67170
-31152
67175
-96684
-63895
34398
34415
-31136
99955
-63896
-63885
-31127
-31110
-96659
-31105
-96657
67200
34428
-31095
99964
99985
99972
34465
-31083
-63820
-96617
34490
67228
-63800
-31074
34510
67238
67295
67241
-31000
34477
34540
67248
67310
-63822
-63760
34494
67320
67281
-96520
67282
34555
67283
-30975
-31014
34570
-31011
-63730
67303
-63715
-30999
34590
-30994
67370
-30988
67375
67319
-96465
-96513
-63690
-96507
-30920
34572
-30915
-30964
-96440
-63721
-63670
-30951
-30895
34596
34645
-30931
67415
67386
-63655
34621
-30885
-30894
-96400
-96428
34680
34647
34685
-30888
34690
-30882
-30845
67423
67465
34657
-96375
67434
-30835
-30868
34710
34677
67480
34683
-63590
67452
67495
34692
-96340
-63609
34740
34696
-30795
-30831
67515
-30821
-96325
34716
67525
-96354
-63545
-96351
-30760
-30812
-96280
-63574
-63490
-96338
-96250
34742
34830
-96316
67600
-30776
-96240
34771
34835
-63523
34840
34782
-30695
34784
-63460
-30751
-30690
-96284
-63450
67558
-63445
34794
34870
-96263
-63425
-96252
34880
67592
-30650
67594
-96180
-96244
34895
-63431
67680
34876
-63390
-96184
-96155
-96181
-96145
-63411
-63375
-96178
34935
-96176
-63355
67667
-30585
-63383
-30575
-30614
-63340
-63377
-96105
-63376
-30565
-30603
-63320
-63371
34985
67712
34990
34961
34995
34963
-30540
67732
-30535
-30573
-63295
67744
67785
-96096
-63285
-63319
35030
67754
-30505
-96071
-30500
-30529
35040
-30523
35045
-30522
67850
-63277
-63220
35036
-63215
-96036
-95970
-63256
-30430
67818
67875
-96021
-95960
-63243
-95955
-63242
67890
67838
-95950
67842
67895
35081
-30405
-30451
35135
67857
67910
-30443
-30390
-63208
67925
-30426
-30370
35113
-30345
-95958
-95880
-30413
-30340
35136
-30330
-30387
35210
-30377
67980
-63141
35220
-63137
67990
-30364
-63080
67947
67995
-95882
-30305
-63106
35240
-30321
68015
67988
68035
-95838
35280
-95832
-95775
35242
35305
-95828
35310
-95822
-95755
-30282
-62985
68027
-62975
35264
-30205
35267
-95725
-30268
-62950
-95803
-62930
-95801
-62925
-63032
35380
-30239
-95690
35301
-62880
35302
-95640
-95769
-95635
-30223
-30095
68083
-95625
-62987
35450
-30218
-30085
35323
35470
-30207
35480
-30206
35495
-95737
68265
68114
-30020
-62954
-95550
-30177
-95540
-30167
-62770
-95694
35535
-62918
-62765
-95683
-29990
-95682
-29965
-62906
-29960
-95673
68355
68173
35590
68183
-62710
-95651
-95470
35422
35625
-30112
68400
-62877
-62670
-95621
-95435
-95613
-62665
-62838
35645
35468
-62655
68247
-29875
-62822
-62640
-30054
68440
-30048
-29860
68264
-62625
-30037
-95380
68271
-62610
-30031
-95370
-95563
-62590
-30022
-29820
68284
68490
-62787
-62580
-30002
-62575
-29977
35740
-29972
35750
-62727
-29775
35583
-29770
-29946
-62535
-62707
35775
-95457
68560
68384
-62510
-62672
68565
35648
-29730
35649
68580
-62651
-29715
35656
-62480
-29877
-95245
-95408
-29700
-29868
68610
35674
68635
-62628
-62435
-95387
-95200
-29846
35875
68463
68645
68467
35885
35709
-62410
-29812
-29635
-62576
-29630
-29807
-95150
-62573
-95125
-29799
35950
-29792
-29585
-62551
35965
35761
-95105
-29747
-62335
-62513
-95100
-29743
-62325
-95268
68750
68577
-29545
-62492
-62310
-95259
35995
-62472
36020
35853
-29475
-62447
-62235
-29678
-29465
68629
68850
-95207
-62215
-29663
-62210
68644
-62205
68656
-29430
68659
68875
35892
-94965
-62398
68885
-62394
-29415
68687
-94940
-62382
36135
-95133
-29400
35941
36145
-95122
-62150
35957
-29375
-29578
68935
-62332
-62135
35982
68940
-95081
36175
-29541
68950
35999
-29350
-29522
-94885
68783
-62115
36033
36195
-62271
-62105
-29499
-29335
-29484
-29330
36059
-29320
-62243
36230
-29473
69015
-94986
69035
68881
36270
-62183
36275
68901
-94795
-29402
-29255
68904
-94775
36136
36315
68916
69090
-29384
-94735
36154
-61960
-62147
-61955
-62139
-29155
-94902
-29150
36171
-61910
-94899
36395
-62121
69170
68953
36415
36202
-61880
68973
-94645
-94867
69200
-29327
36435
68979
-94635
36211
69210
-29321
-61860
-29319
-61855
-94842
69220
-62073
-29070
69003
-61830
-62056
36480
-94817
-94590
36268
36495
69047
-94570
69054
69290
69059
-94550
69062
36525
-62007
-61770
69074
-61765
36347
-61760
-29183
36545
-29181
-94525
69133
-61750
-29163
36555
36386
69330
69159
-28970
69161
-94495
69162
36580
-94677
69360
-61902
-61710
-61883
-28940
-29111
-94455
-61876
-61680
69202
-94430
-94628
-94420
-94624
-28875
69242
69435
-29056
-94385
36482
-28835
-61822
-61595
-61817
69480
69266
-28820
-61792
36730
69282
-28800
69284
69525
-29017
-61545
-61773
36765
36534
69535
36547
-94305
-28987
36770
-94522
-28765
-28983
69550
-61743
69560
-94511
-28740
69333
-28725
-94507
-28720
-94504
69595
69337
36840
-94494
-61440
-94489
69635
69356
-28665
-94484
-94190
36591
36890
36596
-61410
-28934
36895
-28929
-28640
36616
-61400
-61684
-94160
36621
69685
-61682
-28610
69399
-94145
-94424
36930
-28886
69710
-94407
69720
69438
36955
-94402
-61335
69446
-94090
36711
69755
-61577
-28545
-28808
69760
36739
-94080
-94332
37000
-61563
37020
-94331
-28515
-28784
-28505
36758
37035
69531
-61265
69552
-28485
36798
-94020
-28737
69825
36848
69830
-28684
-61225
36853
-61220
-61449
37090
-94216
-28445
69633
69865
36866
-93975
-61438
-28425
-28669
-61190
36877
-61185
-94193
37125
-61424
-93925
36887
-61150
-61411
-61140
36896
-61125
-61397
-93890
36908
-28345
-94152
-93880
36931
-28340
-61372
69965
-94128
-93870
-28581
-93865
-28577
37210
-28554
69985
-61321
-61080
69753
69995
36994
37230
-28542
-61065
69792
-61055
69812
37260
-94024
37265
-94021
-28270
-61251
-61035
69847
70045
-93993
70050
69857
37305
-93979
-28230
37094
70075
69862
-93765
37103
-60995
-28421
-28225
69886
-93755
-61182
-93750
69893
70095
-93946
-93745
-61177
-28200
37131
-28180
-28399
70130
-61162
-93710
-28373
-93695
-61109
-93685
69967
-28145
-93873
70160
-93864
-93670
37228
-93665
-61072
70180
-28297
-93645
37257
-60865
-93814
70210
70044
-60855
70048
70230
-93784
-93605
-28231
-60835
-28229
-60830
70078
-93595
-60986
-60825
70088
37485
-60973
-60815
-28202
-60785
-60962
-28015
-60956
-93550
-60952
-28010
-60951
-28000
70122
-60765
-28168
37540
-28164
-93530
37374
70315
-28158
-93525
-60923
-60755
37386
37550
-60908
37565
-93671
-27955
70189
70350
-28113
-60720
-60876
-27950
-93636
-60715
-28099
-27945
-28097
-27940
-93631
70370
70211
-27930
-28087
-93465
-93618
-60695
70233
-27920
37467
-60655
-93603
-27845
-93601
70460
-28064
70465
-93597
37715
70248
70485
37488
-93350
70259
37735
-28043
-93335
70267
-60560
-60796
37745
37514
-27790
-60789
-93325
-28013
70520
37526
37755
70299
-93310
37537
-60540
70314
-60530
-93516
-60520
37561
70560
70331
-60505
-60737
37800
37603
70570
37606
-93265
37614
-60495
70391
70585
-27902
37820
-60664
70590
70409
-93245
-60663
70600
-93421
-27695
-93412
-27665
37669
-27645
70447
37895
-93393
-93170
-93387
-93165
-60607
37910
37698
-27620
37702
-60375
37707
70710
-27829
37945
70481
-60350
37718
37955
-93346
-93115
-60574
37960
-27806
-93110
70514
-60335
37748
70745
37753
-93095
-93291
-93090
37783
70760
37789
-60310
37799
-60305
37807
-93070
-60497
70775
37814
-60285
-27698
-93040
-60449
70805
-27678
-93035
-93213
-60260
-27674
38045
37869
70830
-93199
70835
37888
-60230
-27648
70860
-93184
38100
70663
-60200
-60409
-27425
-93173
-92960
-60378
70905
70703
38145
70704
-92920
-60363
-60150
37947
38155
-27584
-27380
-60347
70925
-60346
-60140
-60329
-92905
-27557
-92890
37992
38185
-60311
38190
37998
70975
-93071
-60090
-27528
38220
-27527
70995
70782
38235
38014
-92835
70804
38240
-27498
-60060
-27486
71015
38054
38250
-93004
38260
-27464
-27275
70841
-27270
-27462
71045
-27459
-27255
-92992
71055
-92987
-92785
-60218
38290
-92981
38300
-27437
-92770
-92968
-92760
-92937
-59985
-27396
-27210
38151
38345
38164
38360
70933
71135
70938
-27165
-60122
-59930
70952
-92685
38193
38390
70962
-27130
-27343
-92655
-27336
71210
-60103
-92630
-92869
38455
38221
-59845
-92842
-27075
38237
-92605
71023
71245
-92813
38480
-27271
71250
-27264
-92590
-92799
71275
-92798
71300
-60031
-27000
-27257
-59765
-60014
38540
-60013
38545
-60004
71330
-59993
38565
-59983
-26970
38324
71360
-59978
-26935
-27209
38610
-27204
71380
38332
-59685
71104
-92450
-59966
38625
-27197
38630
71112
71400
-92703
-26900
71139
71405
-59931
-92425
-92697
71425
-27157
-92385
71152
38695
38394
71470
71187
-26830
38423
-92365
71197
-26820
38441
-59580
-59856
-92345
-27086
-92335
71219
-92330
-59852
38755
-59853
-59545
-27079
-26770
71227
-26765
71233
-59530
-59832
38775
38474
38780
38522
71550
-27013
-26750
-92546
-92280
38528
-59500
-26999
-26725
-92524
71580
71317
71590
38559
-26710
71332
-59470
-59739
-59465
-26971
38840
71363
71610
71367
-92230
-59702
-59460
-26929
-92225
-26927
-59455
38614
-92215
-26908
71650
71403
71660
-26897
-92170
-59664
71675
-59662
-92155
-92426
38920
-92416
-26590
38664
71730
-92404
-92105
38677
-59320
71447
38990
-59623
71760
-26854
-59305
-92389
-92070
-26834
-92065
38703
39010
-59601
-26520
-92356
71790
-59573
39025
-92326
-26505
-92317
39035
-59542
-92035
38767
71825
38772
39060
71541
-92005
71552
71845
71561
-91995
71563
-26455
-92277
-59220
38804
71855
-92267
39095
-92262
-91975
-92248
-26435
38828
-26430
-59463
-59175
-92231
-26405
-59459
39135
-92219
-91925
-59443
39150
-92211
39155
71631
71930
38869
71935
-59433
-59135
71641
39175
38877
39180
-59427
-59115
-59426
-59110
-92191
-26330
-59419
-26320
71663
-91855
71674
39220
38914
-26315
-59367
72035
-92131
39280
-26591
-91790
38957
-91785
-92114
-91780
38974
39295
-92092
-26225
-26553
72100
-92084
-26200
38994
-91730
39001
72115
-26524
72130
39023
39375
-92033
72160
-59241
-91675
-59231
-58905
-91998
72175
-26461
-26125
71847
72180
-59218
72185
39087
-91655
-59213
39435
-91978
-26100
-91974
-58860
-26427
-26085
-91939
-91605
39147
-91585
-26389
-91580
-59147
72265
39158
39530
39166
72300
-91887
-91540
39191
-26000
71959
39545
39193
-58750
-59113
72325
-26338
72335
-59102
-91505
71981
-25960
-59081
-91495
39224
72350
39229
-25920
-59062
-58675
72016
39630
39251
-58660
-59039
39660
39271
-25870
-59018
72435
39287
-58635
-59014
72450
39293
-25850
72081
39700
-26218
-91370
-58963
72475
72132
-91365
72133
72480
-26171
-91350
-91707
-25810
-91704
39735
39384
-58565
-26147
-25790
-26143
-58555
-58907
-58545
39401
-91310
-26131
-25770
-58898
39770
-58897
-91295
72177
72550
72181
39785
-91652
-25745
-91649
39795
-26098
-25730
72208
39810
-58856
-91260
-91623
-58470
72223
-58465
-26066
-25695
-58826
-91230
-26044
-25680
-26038
-91215
-26031
39865
72283
72650
-91553
39905
-91543
-58390
-26004
-25610
-26003
-91140
-58748
-25600
72336
-25585
39569
39955
-91503
39960
-25967
-25570
72347
39990
-58718
72770
72364
-58295
72374
-91060
39618
72785
-91454
-91045
72402
-91035
72416
72815
72419
-58255
39652
-58240
72421
40065
-91403
-58215
72438
72860
39677
-25425
72446
72885
72449
40120
-58617
-58170
-58609
-58165
39697
40145
72477
72925
-25821
40165
-91354
-25365
72487
-25350
72488
-90885
72489
-58100
-25814
-25320
-25799
-90840
-25789
40250
-58557
-25280
72522
-25270
39769
-58025
-25766
40285
-58532
73060
-58531
40295
39778
-25240
39779
-90775
-91293
40305
72549
-25230
72581
-90765
-25718
73080
-91248
-90760
-91239
40315
-25703
-25220
-58468
-25210
-25697
-90745
-25687
-57975
39851
40335
72626
-90735
39862
73125
-91199
-25170
-25663
-90700
39876
-90695
-25647
-90685
-91166
-57915
-58392
-90665
-58388
-25120
-58383
-90640
39927
-57855
-58372
-57850
-91123
-25075
-25586
73230
39953
40465
39956
-25070
72781
73260
-91057
73265
40021
-57800
-58278
-57795
-25507
-90555
-58274
-25015
40049
73300
-91023
-24990
-25478
-90515
72827
-24970
40063
-57720
-58226
-90485
40102
-57710
-90969
-57700
72883
73375
72884
40610
40119
-90460
-58184
-57685
-90949
-90450
-90946
73390
-58174
40625
40136
-90445
40138
40630
-90934
-24900
-25396
40645
-25397
-24890
-90931
-57650
72912
-57645
72926
-24875
-25364
40680
-58128
-57620
-90891
-90385
-90887
40690
-58106
-24830
72969
73475
72971
-24825
-58091
40720
-90854
40730
40231
73515
73012
-57555
73014
-24785
73027
73530
73029
73535
-25273
-57525
-25267
40785
-90803
-57515
-90802
40790
-58033
73560
-58028
-90280
73048
40795
-25238
73570
40306
-90270
-90757
-57495
-25218
40810
-90751
73580
40323
73590
40351
-57470
-25131
-24695
73177
40845
40424
-57450
40436
-90210
40438
-57440
-57866
-24670
-25097
73635
-90619
-57435
73228
-90200
-57834
73645
-25064
-24655
-57831
-90190
-25054
-57410
-25039
-24635
-57796
-57400
-25027
-57380
73278
-90140
-25012
-57365
73308
-24590
-24992
73715
-57758
40950
-90512
-24585
-57741
-57350
-57737
40955
-24968
-90110
-90498
-24565
-57729
73740
40591
-90100
-57711
-57325
40601
-90090
-57701
-24545
-24928
-90060
73377
-57290
-57648
41015
40659
73795
-90412
-57275
-57633
73800
73441
41040
-24856
41055
-57607
-24475
40698
-57235
-57597
-24465
-57591
-89995
-24809
-89990
-90331
-24445
-24783
73860
-24768
41095
-57533
-89975
40781
73885
73586
-89945
-24716
73915
-57461
41155
73627
-24380
-57443
-89910
-57438
73935
-57433
-89900
73674
-89895
73687
41185
-57379
41190
-57371
-24335
-24594
-57095
-90117
-89860
40958
-57080
-90107
-89840
73761
74010
73762
-24290
-24543
-57025
73771
41280
73779
-89765
-90047
41320
73801
-24215
-24503
-56980
73816
41335
-57252
41345
73823
-24190
-24474
74120
-57226
-56950
41087
74125
73867
41360
-89969
74165
-24429
-56900
-24427
-24125
-89962
-24120
-89957
-24110
73888
74195
41126
-89635
41127
-56830
41128
74245
-89939
74250
41134
41490
-24397
-89580
-89932
-56795
-57147
-56790
-24364
41520
-24359
-56775
-24354
-24005
-89887
-56765
-24346
74330
41218
-89500
41223
-56710
73999
-56695
-24303
-89460
41247
41615
-24289
-23905
-57054
-56665
74024
-23895
41259
-89425
-24262
74420
74057
41655
41301
74455
-24231
-23840
74076
74465
-24223
-89375
-24194
-56605
-24177
41700
-24174
-23830
-24173
-56595
-24172
-23825
-56938
74480
74136
-23820
-24163
41730
-24154
-89340
74151
-56570
-24153
-23800
74154
41740
74156
-23795
74161
-89315
74174
-56540
74196
74540
-56869
-23760
41439
41790
-24086
-56505
-24082
-56500
-56847
74575
-56833
41810
-56808
-56490
-24039
74590
-56802
-56475
41509
-23705
-56792
-56460
-89548
-89225
-56773
-56450
-24001
74625
-23986
74630
-56752
-56435
-89496
-23665
-89484
-56415
-89464
41895
74384
-89175
-56684
74675
-56682
-56385
74399
-23580
-56672
41960
74429
-23575
-56642
74730
74436
-56340
-56634
74735
-89384
-56335
-56608
74740
-23837
-23560
-23822
41990
-23821
42000
-56586
-89060
41739
-89055
-56556
-89040
-56547
-23500
74527
-89025
74548
-23475
-23752
-56220
-23749
74855
-89277
-23445
-56507
74860
74577
42110
-89262
-88955
74592
74890
74594
42130
41833
-56170
-89239
-56165
41847
-23395
-89223
-56160
-23681
-23390
74631
-23385
41869
-23380
-56427
-23360
-23646
-56125
-56406
-56120
-23636
74955
-56388
42190
74688
74965
-56378
-56095
-56371
-56090
-56344
42215
74736
-88855
-89099
74990
-89094
-56080
41979
74995
-23553
-56065
-23537
75010
-23533
-56055
-89058
42255
42021
-23280
42028
-88810
-23506
42265
42038
75040
42044
-88785
-89028
-56005
74818
-23235
-89011
42310
-56241
-88755
-89009
-23215
42071
75095
-56207
-55975
42098
42330
-56201
-23205
-23432
-88740
42112
-23200
74894
42345
42129
75125
-88942
42360
74904
-23165
-88934
-55920
42139
-23145
74908
-88680
-88933
-55905
42147
75190
42153
-88650
74921
-55880
-56112
75195
-88869
42435
-56098
-88625
74992
-55855
74993
42465
-88841
75245
42233
-55825
-88828
-88590
-23291
-23050
-56042
-88580
-88808
-88570
42267
-55800
42272
42525
-23259
42530
-88794
-55770
-55982
75305
-55978
-88525
-55976
-88515
-55969
-88500
42342
75350
42343
-22935
-55959
-22925
42377
-55680
-55918
-88445
42387
-22905
42392
-55665
75162
-88425
75168
75420
75186
-88420
42426
-88410
-23089
75435
42452
42670
-23081
-88400
-88616
75445
42457
42680
-88601
-88390
42473
-22835
75242
-22820
42481
42720
-55822
-55580
-55819
-55570
-55806
-88335
75267
-55565
-55803
-22795
-88537
42750
-22996
-55550
75339
-55535
-55726
-88300
-22942
75545
75376
-22735
-88461
-22730
-55689
-88265
-55688
-88260
75387
10055
-55683
10065
-88448
10070
-88441
10075
-55668
-88225
-55666
42865
-88427
10100
42656
-55425
42661
10130
-55637
42900
-55622
-88170
-22851
10140
-55618
42915
42696
-88155
-55588
10150
-55574
10155
-55571
10160
42736
75715
-55563
-88115
42754
42960
75524
-88110
10013
-88105
-55522
10200
10027
-22565
-55502
-55330
-55491
75745
-22711
-22555
10079
-88080
-22689
75765
10092
10235
-22676
43005
75633
-55295
-88207
43010
-22663
75780
-55424
10260
-22644
-88040
-88179
-55270
-88178
-22490
-55408
-55255
-88173
43050
10171
-88020
75708
-22465
-55364
75845
10174
-87980
10176
10335
-22587
43105
-55349
-22430
42959
-55185
-55338
-55170
10213
-55160
75756
75920
75762
43155
-22534
-22380
43003
-22375
-55297
-87900
-88057
-87895
-55284
-87885
10256
10420
-22497
10430
10286
10440
-88018
-87860
-55244
10450
75832
-55085
75842
-87850
-22462
43230
-55224
-22305
43093
76005
43094
43240
10341
-87830
-55192
-55060
-22417
43250
-22416
-22280
43136
76025
75916
-55045
43157
-22275
-22378
-87810
75932
-22265
10399
-87795
10402
-22255
75978
43290
-55086
-22245
-87853
43295
10456
76070
43232
-22230
-87838
10540
-22297
43310
-55064
-22225
76011
-22220
-22283
-54985
-87814
43320
76027
43325
-87812
76100
-22271
43335
10506
10580
-87798
43350
-22259
10585
-87788
43375
-22242
76150
-87776
-22145
-55003
-22135
-87759
76180
76082
-87650
-54988
10660
-54971
43440
76106
10675
43354
-87620
-87716
10685
76134
43455
76142
-87600
-87691
-87595
-22133
43480
-87663
-22055
-54892
10715
10659
10720
-87643
43490
-87636
10725
76221
43495
43457
-87575
43463
-54805
76232
-87570
43469
-54795
-22067
76280
43471
76290
10714
43525
10719
43530
10741
-21995
76282
43555
10756
76335
76296
10815
-22006
-54720
10763
-54715
76303
-87475
-22001
76370
10769
-21930
-54768
76380
-21991
76390
43547
-54675
-54756
43635
76319
43640
76322
-87430
10792
-54660
43566
-54650
-21962
10890
-87493
-87400
-21956
43675
-54717
-54625
10822
-87390
-54714
76470
10837
10940
-21913
10945
76392
-54590
-21908
-21815
76403
76495
43642
-21800
-87427
-21790
-54656
-54530
10881
-21760
43652
76545
-21884
-21755
-87416
76550
-87412
-54520
-54626
43785
43681
11020
-87391
-54500
76451
-21730
-21851
-87265
43687
-54490
76459
43815
43692
43820
-87369
-87250
10943
-21710
76482
11060
43717
-21705
76491
-87235
43727
43840
10962
-21695
-87336
-87225
-21789
43875
43749
11110
43752
-87190
-54546
-21650
76529
-54415
-21764
-87165
11017
-54390
-21741
-21620
-54506
76685
43799
43920
43804
-21610
-54499
-54360
76574
11180
76577
-54345
-87263
43960
-54477
76730
-87241
-54340
-21702
76745
76608
11220
11083
43990
43851
-54310
43864
43995
-54432
44000
-54429
-21535
11114
44005
11117
44015
76653
76785
-54418
-54260
43891
76815
-21642
-54250
-87167
-21480
-21626
76830
-87158
11295
43923
11300
76701
-54235
76708
44070
-21594
11305
43947
-21460
-54351
44080
11188
-86985
76729
-21445
11196
11330
-54336
44100
76762
-21430
11227
11340
-21531
-86955
11241
-54180
11246
11360
-54289
-21395
-54287
76915
-54276
-54155
-87039
44150
-21501
-21385
-54266
76930
-54264
-54115
11273
44190
-21494
-21340
-87026
-21325
76818
-86850
-54252
11460
11306
-21305
-54222
77000
-86983
-86835
-21446
11470
-54194
-54065
76879
-54060
44129
77015
44133
77025
44137
11495
-54164
-54035
76914
-21265
11389
-54030
-21369
-21260
-54131
77055
-86897
44300
-21353
-86770
-21348
-54000
-21347
-21225
11424
11545
-21336
-53990
76974
-86755
11448
-53980
-86856
-53975
-21314
-86740
77006
-86735
77007
-86725
-21297
-21185
-54064
-86715
11477
44360
-54058
77140
77026
-21160
11501
-86685
77039
-53910
11507
44395
44276
77170
44277
-86670
-86794
-53895
44283
77195
44291
11660
-54007
-53865
77066
-53860
-53986
-21090
-21217
11680
-21211
44455
44344
-53845
-86718
-21070
-86708
-53830
11597
77255
-21164
-86585
-21154
77260
-53922
-53795
77154
-86560
-21147
-21020
-21141
11750
44396
77310
-53907
-86525
-53902
-53745
77184
44560
-21118
11795
-53882
-86505
-53877
11805
77202
11810
-21101
-86485
-86627
-53715
-86624
11830
-86621
-53705
44458
-20935
-53844
44605
44472
-20925
77242
11845
11714
-86450
-53821
-20910
-21054
44635
11724
-20900
77261
11870
-21043
-53650
77263
44655
-53812
-20880
-21034
77425
11738
11890
11742
11920
-21011
-53615
-21009
-86375
-53772
11930
44538
44710
44543
77480
-20993
-53590
11779
44715
77329
11950
-20974
-53585
-20973
-86345
-86506
-20805
44567
11965
11802
-86320
11807
-86305
-86497
77540
-53719
-86300
-86478
12010
-53697
77555
-86457
77560
-86451
77565
77393
77585
-20909
44820
44636
-20710
-53653
44830
44656
-53470
77424
12075
-53647
77615
-53642
77620
44671
44855
44679
-86215
-53623
12090
-86387
44860
11919
-86210
11946
12105
-20819
-20660
11951
-86190
-20817
-20650
-20814
12120
-20806
12130
-53568
44900
-53561
-20635
-86322
-53400
11989
-20630
77527
44920
44761
77690
77529
77700
-53538
-53365
44769
44940
-20766
77710
12006
-86125
44776
-20580
-20733
77725
77576
-20570
-53496
-86100
-53486
44975
-20713
-20560
44829
12210
-53473
-20555
44833
-53315
-53469
44995
12079
-86075
-20682
12230
44863
12240
12101
-53295
-86196
-20525
-20654
45015
-20638
-86055
44906
77790
12143
-53275
-53393
77800
-20619
12265
44919
-86040
-86149
-20475
12157
77830
-86144
77835
77709
-53235
-53361
-85990
-20589
77855
77729
12320
77736
45095
77748
-20430
-20532
-85965
12253
-53190
45053
-85945
12291
-20395
-20473
-85930
77846
-53155
-85992
-85920
-53217
45165
-85977
-20365
-20439
-85900
12331
-85895
-53189
-20355
12349
-20350
45124
-53110
-53161
77975
77917
-53090
77921
12455
45153
12470
77929
-53065
-53142
12480
-20366
-20285
-85899
78020
45182
-53050
-20351
-53045
12424
12495
-85878
-53040
45202
45265
45203
78035
-53099
45270
-53097
78040
-20318
45275
-53083
-85795
12456
45280
-20311
-85790
-85842
12540
45243
-20220
78014
12555
-20287
-52980
-85802
45325
-85793
45330
-53024
-52965
-53014
45340
-20242
78120
12536
-85720
-85763
-20180
78081
-85710
45319
-85705
-85746
-85695
78096
-85680
45331
-52910
12588
45400
45364
78175
-20164
12645
-85698
45420
-20157
12655
45391
12670
-20139
12675
45416
-85625
12649
-85620
-52868
-20080
-52867
78230
-20093
-20070
45444
-85600
-20071
-85590
12708
12735
-52826
45510
12719
-85560
-20048
-52790
-52807
12755
-20034
45530
-20028
78310
45514
12775
-20018
78340
-52774
-52725
78299
45580
-52766
12820
45544
-52705
78314
78370
45547
-19920
-52756
-85455
45558
45630
-19977
-52670
78328
-52665
-85506
45650
-52734
78420
45577
-52650
78346
12890
-19959
-19875
45582
45665
12819
12905
-85483
-19860
12822
-85395
-85482
-85390
-19944
-52615
12828
45690
45597
-52610
45621
-52605
-19903
78475
-19898
-85365
-52664
12945
45656
-52590
-52641
-85345
45676
78510
-19854
-52560
12936
-19790
78474
78515
78479
78520
-85353
12990
45721
-19775
-85333
-85310
-19787
-52535
12983
45770
78528
78540
-85306
-19740
12999
-85270
-19764
-52500
-19751
-52495
-19738
-85250
-52501
45825
45806
78595
78577
-52475
-19726
-85240
-85256
45835
45821
-85235
-85247
78615
13058
-85220
78597
78625
-85242
13090
-19701
45865
13069
-19665
13076
-52405
13078
-85170
45852
45905
45854
13145
-19679
13150
45864
-52385
78633
45930
78639
-19595
13107
-52360
-19661
-52355
-52418
45950
45897
45965
78672
13220
-52388
78760
45917
78770
13152
46005
45923
78790
-19601
-19505
-19573
-52240
-19566
-84990
13218
-19450
45992
-19440
-85079
-52190
-85068
-19420
-85066
-19410
-19524
-52170
-52289
-84935
-52283
13370
-85037
13380
-19498
-19385
13273
46165
-19492
-19355
-85026
-19345
13283
-84875
46061
-52105
-19474
-52100
-19471
-52090
78837
-84855
13304
13455
-52229
-19310
46078
46250
13313
-19280
-52223
-84805
-84989
-19265
-19451
13505
78856
13510
78858
-52025
-84981
46285
-19446
-51995
13327
-19225
-19432
46315
46116
13560
78888
-19205
-19416
13565
-84933
13570
78914
-19195
78916
13580
-84924
-19185
-84909
13590
-52121
-51945
-19349
-84690
46189
-51920
-84871
46400
-19327
-19130
13442
-84660
-19326
79190
-19322
46430
78988
-51860
13483
79220
13484
-51845
-19282
46460
13487
-84610
-52037
13695
13501
-19065
13504
79240
-52031
-51830
-52024
-19030
-19233
-51795
-51996
79280
-51994
-84530
-19219
79315
13558
79320
-84739
13785
79103
-51750
13568
46555
-84734
79335
13579
-84505
46348
-51735
46361
79340
-84704
-51730
13604
-84495
-51931
-84485
-51928
46595
-84684
79365
46392
-18925
-84678
-51685
-51906
-18915
46402
-18910
-19133
-84445
-19126
-84440
-51892
13865
-51891
-51670
13648
79410
46423
13875
-51879
-18890
-84634
79415
-19096
13880
-84609
46650
13707
46660
13709
13895
79248
-84405
-51822
46675
79256
-18860
-19046
79445
79263
79450
-84566
79455
-51794
-84380
79287
46700
-84549
13945
-51779
-84355
79301
13950
-51753
-18800
13783
-84330
-18984
-18790
-84518
46750
-84514
13985
-84513
-18780
-51744
-18770
13792
79540
-18971
-84300
-18961
46780
13814
46790
46588
-18735
-84478
-51500
-51698
-84260
46614
-51490
-18919
14065
79389
79605
79396
14070
-51673
46850
13864
-51450
-84439
14095
13869
46870
-84422
-18665
13888
14105
79429
-18655
-51636
-18635
-84403
-84170
-18867
-51395
46687
-18625
-84372
14150
46701
46925
79472
14160
46704
-84130
-84363
-51360
79479
14200
46717
14205
-18817
46975
79488
46980
-18816
79750
46741
-84090
79511
79755
-51557
-84085
-51556
46995
-51552
-84070
-51551
14245
-18778
47015
13992
-84055
-84309
47025
-51534
14260
-84288
-18505
14017
14265
-51509
-84035
79569
-51265
-51478
-18470
79602
79840
-18689
-51230
-18687
47075
14084
-18445
-51449
79865
14089
-18430
-51442
14340
-84207
-51195
-18669
-83950
14114
47125
-18634
-18410
46917
79895
14158
-18405
46933
-83930
-51366
-83920
-18594
79930
79711
79935
-51357
-18360
-84114
-51120
79737
-18350
46977
-83880
-18559
14440
-18546
14445
-84057
-51080
-51268
47225
79807
79995
-84024
14470
79834
14480
14309
-18285
-83994
80020
-18457
14485
79848
-18280
-83993
80035
-83988
47270
-51218
80045
-18448
47285
-83981
14520
-83974
-51015
-83956
-18245
79913
-18240
-51158
80065
14387
-83750
79933
14560
79948
47330
-83879
14565
-18337
-83730
47202
80115
14437
-83725
-18323
-83720
47214
80130
47217
14600
14453
-50935
79989
47370
-83848
-83700
14463
-83695
-18302
-83690
80008
-83685
80012
80160
80013
-83675
14481
80175
-51051
-18125
-83806
80180
-51037
-83655
-83799
14650
-83794
-83650
-51024
-50880
-83791
80200
-18249
47435
47289
80205
14528
-50855
14534
80225
80093
14705
14558
80260
-50978
14730
47328
-83565
-50976
-50785
-50971
-50770
-50938
47535
-18158
-18000
47394
-83530
80168
47550
47413
80320
14654
-83505
-50882
14815
80196
-50720
80202
80365
-83637
-50690
80214
80385
-50858
14875
-50852
47645
80236
14885
-83603
47655
-83601
80430
-18062
14895
14717
-50630
-50804
-17855
-50803
14915
-83569
-17850
-50797
-83385
-50788
14920
47519
80480
-18013
-83360
14758
-50590
-83543
-83355
-83536
80490
-17999
-83350
-17986
-83345
14791
47730
-17971
14965
80344
80515
47577
80520
-83484
-50550
47596
-17780
-50704
-83315
-83471
-50535
-17918
80550
14854
-17735
14867
80570
14883
-50500
-50651
47805
-83414
15045
-83401
47815
47698
-17705
-17834
15065
-50576
-83225
80506
-17685
14973
-50450
-17786
80625
47751
15100
80523
-17655
80528
-83170
14994
80675
-17767
15150
-17758
47925
-83292
80695
15017
15170
-83287
-17595
-17743
47945
-17738
80720
-17724
-83120
80586
15190
-17711
-50345
-83241
-83110
80603
-83105
-17701
47970
15077
-17560
-83224
47980
-17683
-83090
80639
47985
15113
-17545
-17651
-83075
15123
15230
-17644
15240
-50404
-17525
15142
48015
80679
-50285
47912
80790
-83156
80800
-17614
48045
-83148
-83020
47929
-83015
47932
-83005
15176
15305
-50343
80850
-83107
-82985
80734
-17445
-83101
-82980
-17562
15330
-50326
-50205
-17551
80880
15219
-82955
15224
48120
80761
-82950
-17538
-50175
-17536
15365
-50292
15370
80788
-82930
80789
-17390
80794
-17370
48027
-50130
-17508
80945
15266
80955
-50269
-82880
48037
-50110
48049
48210
-83022
48240
15293
-17275
-17467
81035
48071
-82800
80848
48275
80849
-82795
-82979
-50025
-17441
81055
48104
-17240
-82963
-50005
-17426
81070
15343
81085
-82962
-82745
48114
-17205
-82947
81100
80903
-82725
80932
-49950
-50139
48355
-82906
15595
15402
-82705
-82901
81140
-17357
-49925
15414
48390
-17353
48395
-17349
-82675
48193
48400
15434
-17130
-17332
-49895
80981
48410
-82859
48425
-17322
81200
80992
15670
48226
-17070
80994
81235
-82841
15700
-50073
-82605
81001
-82600
-17297
48480
-17289
15715
81027
-82580
48271
-17035
15511
-82555
81048
81290
-82788
-17010
15523
-49775
81061
48535
-50011
48540
-50003
48545
-50002
-82520
48303
48555
-82766
81325
81076
-16975
-82757
-49735
-17213
48575
15557
81345
-17199
81350
-82731
-49720
-17188
-82485
-49953
-49705
15591
48600
15604
-16935
81158
48605
81159
-16930
-82681
-82455
81163
81390
48406
-16905
81189
81400
-17091
81410
48449
48650
81228
81420
81233
81440
81234
81450
-17068
-49610
-82602
81470
81244
81475
-82591
-49595
-17053
-82360
48484
15945
-49813
48715
81263
-49585
48496
-82350
-49807
-49580
81267
-82345
15742
15960
-17017
81500
48524
15965
-17011
-49565
-17006
-82310
-49764
48765
48542
-82300
81324
-49530
-16978
-82295
-16969
-49515
81337
16035
-16944
-82260
-16922
-16720
48629
-49475
-49667
48830
48643
-82230
15888
81615
81438
16080
15907
81620
81448
81625
-82392
-82215
-49614
81630
48692
-82210
15938
16100
15941
-82200
-49594
-16655
48723
16115
15956
48885
-49581
81660
15961
-82175
-82329
16145
81524
81685
-49547
-82155
-49544
-49380
48766
48940
16009
81710
-16751
-49355
-49518
48950
81557
-49340
-16743
-16570
48826
-82105
16089
81740
-82213
-82100
16094
48975
-82202
-82080
-49434
-49305
48879
-16535
81656
16240
16129
16245
-16632
81790
81673
-82045
16139
-16500
16144
-82035
81682
-82030
-16622
-82025
-82148
16285
48927
81830
81699
-81995
-82134
-16445
-16594
-49205
-16593
81870
48948
-81970
16181
49105
-82123
16340
-82124
16350
-16586
-16410
-16581
-16390
-82108
-81925
81739
49150
81742
49155
48978
16400
81749
49170
-16551
-16360
-16549
81945
81774
-81895
-16529
81950
49009
16415
-49286
-16350
-16514
16420
-82039
-49105
81802
49205
49036
-16330
81807
-81865
-16489
-16320
-49252
81985
49054
81990
81824
49230
81829
16470
49062
-16290
-49236
-81825
-81993
82025
16323
-16275
49096
-81805
-16426
16500
-16423
16535
-81942
82080
-49166
49325
81914
-81745
16387
16560
-81917
-81740
81928
49335
81932
16585
49179
-16180
-16326
16590
81979
-16170
81997
82135
49231
-16160
16467
-16145
-81831
16625
16476
-48910
49271
49395
49299
-81675
-48996
16630
-81763
16635
16542
49405
-81759
49410
-16222
16645
16557
16665
49351
-81630
49352
-48850
-81699
-16080
16611
82225
16627
49465
82169
-81605
82182
82240
-81656
-48815
82194
-81580
-48876
16725
16662
49495
82207
-81565
-81627
82280
-48857
-81555
82216
-81535
-16076
16770
-48839
-48755
-16066
49550
82242
16790
-48823
82355
-48814
-48715
49494
49590
-48797
16825
-16027
49595
-16019
-48705
82286
-81470
-81554
-48700
-48782
16840
16759
-81460
16761
49615
49539
16855
-81533
-81445
82313
16860
82314
82410
-15981
-81430
82327
-81425
49559
82425
-81512
-81415
-15974
82430
49572
-48640
-48731
-15870
-15963
82440
82346
-81400
-81492
-15855
-48721
-81380
-81463
49695
49611
-15835
49618
-15825
82391
-48590
49627
16975
82401
82520
-48658
16985
82417
-81315
49664
16990
49671
-15765
-15864
-15750
16918
-15735
82457
-48495
82474
17050
82477
17055
-81352
17060
-48581
-15705
49724
-15700
49727
-81230
49731
49845
-48556
17090
82519
17095
-15776
-48435
-81293
82640
17013
49880
49788
17120
-48516
-48405
-15739
49900
82567
-15625
82588
-15620
-48482
82705
17081
-48365
82618
-48360
17102
17185
-15659
49970
-48426
-15565
-15657
82745
49883
49980
82659
-48320
-81178
17230
82669
50000
82679
-48295
-15619
-15520
82688
-81055
17154
17255
82697
50035
17166
-81025
49936
-48240
82707
-15470
82712
-48235
17176
17315
-15578
50085
17191
17320
-48341
-48195
49966
82885
17198
82890
-48336
-80950
49984
50125
-81086
50130
-15548
-48170
-15534
50160
-15528
-80910
17252
50165
-81043
-80905
-15499
17405
82806
-15360
50042
82945
82814
-48115
-81018
-48100
82841
82975
82849
-15325
82856
82985
50092
-80845
-15442
-15305
17329
83000
-15418
-15300
82903
-80835
82908
17475
-48164
-80815
50161
-48040
-15369
50265
50174
83035
-48129
-15265
17422
-80790
-15346
17515
-15341
50290
-80876
83060
17438
-48010
82984
50300
-15308
83075
17467
-47995
50239
50310
83014
17560
-80823
50330
50257
17565
-15278
-15200
-80812
83105
17497
83110
17502
17575
-80798
50345
50277
50355
83046
17590
83047
-15175
17514
17605
-80786
50390
-48017
-15145
-80776
-80675
50306
17635
-80763
-80665
83081
83180
50316
50415
17554
83185
50322
50425
-15214
-15110
-47933
50430
-15161
-80620
83147
-47850
-80678
17690
83166
17695
-80662
-47840
-15116
-80600
-47883
-47830
50422
-80595
-15111
-80590
83198
50495
17677
-80575
17681
-80570
83226
-80555
-47838
17750
83236
-15015
-15061
17765
-80596
-15000
-47818
-80530
83264
-47760
-80572
-80525
-47804
17780
83273
-14985
83277
17790
-15024
83330
-47791
17795
50518
-80510
17752
-80500
17753
50575
83317
-14960
-14978
50580
83333
-80485
-47736
-14945
-80502
-80480
-80497
83380
83354
17845
17828
-14920
50623
-14910
17862
17865
-47671
83415
-47668
-14880
17881
-47625
17888
-47615
17889
17925
-14864
-47610
50712
-47605
17949
-80365
-14816
-80355
83493
-47585
-47571
-80350
50736
-80340
-47562
17965
-80329
83505
-47559
50745
83519
-14790
50751
-80320
-14771
-14775
-47528
-80305
-14744
-80300
18032
-14760
83571
83545
50813
-47525
50819
-80285
18056
-47515
50838
-14735
-80231
83570
-14679
50810
-80202
-80260
18106
18045
-47404
83585
-80166
18050
-80157
-80255
-80132
-14715
50946
-14710
18188
50835
-14574
-80215
18201
-14675
50978
-80210
18218
18095
-80086
18100
-14544
-47435
18231
-14665
18236
-14660
51004
50890
-14532
-14630
51009
-80165
51018
18140
18254
50920
-80047
-47375
51026
50930
-80046
-14605
-47279
83710
-47272
50955
-80039
-14580
83804
-80110
-14496
18195
83814
-47340
-47258
-80100
83838
50975
51076
18210
-79991
83750
-47217
-80085
-79979
-47315
-14441
18225
51104
-80055
83886
-80050
-79946
18260
-47174
18265
83903
83820
51138
-80005
51143
83850
18377
-14450
51164
-79985
-79902
-47210
-47129
-47205
83953
-47195
18418
18345
-79887
-79950
83956
-79945
51202
18360
-47102
-14380
-79863
-14360
83984
18410
-47077
51185
-47072
18420
-47068
18425
51238
51195
84007
-14325
-14283
83985
-47034
-47085
84051
-47055
-79771
51255
51311
18490
-79757
-47040
51323
51265
84103
51270
18568
18505
18581
84045
51353
-14255
-14179
-79790
-14177
18515
-79704
-79785
84139
-47010
51371
-14235
51402
-79770
18638
-46990
84176
51315
-79663
18550
-46896
18560
-14121
18570
-14114
18575
-46873
51345
-79633
-79715
-14089
-46945
18683
51360
84231
-14175
-14073
-79700
-79606
18605
-79597
18610
-14058
18615
-79589
-46910
18722
-14140
51492
51400
18724
84170
84268
84175
-46803
-14125
-79567
-79660
-14031
84185
51512
-79645
-79558
-14105
84293
84200
51527
18665
84303
-79640
84306
-79630
-13983
51460
-79517
-46840
51559
84245
84329
-46820
51567
-79585
-13962
51490
-13957
-14045
-13953
84280
-79481
51525
18826
-46760
84371
84320
84386
-13980
-13912
84325
18857
18790
-79446
18795
18867
84340
-79437
-79485
51643
-46710
-79429
51595
18878
-13935
18881
-46700
-79422
-46695
-13887
51610
-46652
-13915
84426
-13900
84428
-79430
51666
-79425
-79402
-46650
-46634
51655
-46629
-13875
-79384
84435
18921
-13855
84467
51690
-13837
18930
-46603
51705
84481
-13825
51739
18945
84517
84485
84522
84490
84524
-79350
-13779
-46575
-13773
51730
-79308
18965
51776
-79335
19014
51745
19019
-46555
-46503
51755
84574
18995
84577
-79300
-79262
19005
-79261
19010
-79259
51785
-13718
19020
51826
-79280
51834
-13740
-13701
19030
84607
-79270
-79228
19055
-79219
19065
51863
84620
-13671
84630
51878
19115
84646
19120
-13654
-79180
-79177
-79170
84666
84675
-79173
-79165
84673
-79160
-13608
84685
19161
19150
19163
-46385
-46372
-46380
84701
-13610
-79136
19160
-13591
-46330
84719
51975
51951
19210
84722
-13555
-79111
19215
-13568
-79070
84738
84780
-13563
52015
-79099
84785
84761
-46285
19227
19255
-79077
-79035
84776
-13495
-79062
-46260
-13523
-46235
-46287
84840
-79047
-79000
-13508
-13460
-46272
84845
52038
84850
19272
19315
52049
-78985
-79022
-78975
52053
19330
-79013
-78955
-13467
19350
-79001
-13415
-13464
84890
-78998
-78950
-78994
52125
52084
-13410
84861
84895
-78968
-78945
-78966
84900
-78952
52135
-13414
52140
-46163
84910
84911
84925
19382
52160
-13386
-13375
-46141
-46130
-46137
-78895
84938
19410
-46134
-78880
-46129
19425
52182
84965
84953
52200
-46117
-46095
52194
-46090
52197
-13315
-78873
85010
84969
85020
-78869
-46050
52216
-13275
-46086
-78810
-78853
52275
-46072
-13260
85013
52290
-46056
-13245
52253
-78780
-46046
-46005
19491
52300
-78809
-13230
52266
19540
19498
52310
-46038
85085
85037
-78755
-13266
19555
85043
-45980
-13256
52330
19513
-78740
-46023
52340
-13249
19585
52297
52360
52307
85130
-45996
-13160
-45984
19610
19553
-13150
85132
85155
52368
52395
-78703
-78670
19604
52405
-45924
52410
-45904
19645
85171
-13120
52412
-78655
85184
-13115
52418
19655
-45884
-45870
19659
19670
-45854
-13095
52454
-13075
19699
-78610
52473
52465
52477
85270
-13056
52510
52482
-45790
52489
-78555
-45796
-13015
-45793
-78545
52519
19760
-78546
-45775
52534
85305
-45767
19770
-12998
-45760
85309
19780
52543
-45755
85317
-45735
52552
-12965
-12984
-45730
-78518
-45725
-45749
-12955
52564
85360
19804
-45710
-12956
85370
52582
52605
19824
-78460
85373
19845
-12931
85385
-78464
-12915
-12921
-78450
-12919
19860
-12917
-45675
52624
19865
-78443
52635
-45674
85405
19867
-45665
-78428
52660
-12887
-12875
85428
85430
-45634
85435
-12863
-12860
-45631
19915
52678
-45620
-12857
52700
19929
85470
52698
19935
85468
-12830
52707
85475
85487
19940
-45583
-45595
-12799
-78355
19972
-12810
52747
19965
52748
19970
52751
-78325
52761
52755
85534
52760
20007
-45540
20009
-12765
-12756
20020
-78284
20030
85557
85585
-12743
-78255
-78266
85590
52812
52825
-78256
85595
-78246
-12705
52834
-12700
-12694
85610
20078
52845
20079
20080
-12689
20085
-78212
85625
-45442
20095
85637
-78205
-12667
85640
85648
-78195
20112
20115
52882
-12645
-12641
-12635
52897
-12630
-12632
20150
20139
85705
20159
-45360
-45373
52950
20168
85725
-78121
52960
52952
20195
20186
-45340
85732
-78100
85737
-78095
-78097
85750
85744
20215
52984
-78085
-45319
20220
-12542
-12540
20233
53005
-45293
20260
-78061
-12500
-45291
-78035
-12523
20270
-12521
53040
-78037
53045
-45264
85815
-12472
53050
-45239
20285
-78001
-12480
-77993
20290
-77989
20305
-12448
85845
-45208
53095
-45202
85870
53109
-12430
-12417
53110
85896
-77955
-45176
-12415
85916
20355
-77906
53130
53174
-45165
85943
53140
20408
-12390
20409
20380
-45127
20385
-77896
85935
-45119
53170
-45112
-12365
20427
-12355
53197
85975
-77867
-45095
-12324
20445
-12316
85990
-45082
-12310
20456
85995
20461
53230
-12306
86000
-12288
-45070
-77823
86010
20497
-12280
20499
20495
53272
86035
20506
-45030
20516
-77790
-45013
20515
20527
-45010
53299
86065
-45003
20540
53306
-44985
-77757
-77740
53316
86115
20549
-77720
-44982
-44945
20562
-12160
-12204
-77695
-77738
53380
-12201
-12155
86108
-44915
-77728
-77680
-12174
86165
53366
-77670
-77697
53410
-77696
86185
-44929
-77645
86149
-77625
-12153
-12075
86153
-44835
-77654
53470
20651
-77585
86187
86265
53421
53500
86191
-77570
86192
20735
86193
-12030
53438
-77565
-12089
-44785
-12083
20755
-44851
53525
86223
-12010
-44846
20760
86238
-44770
86241
-11990
53481
86315
-12054
-77525
-44821
-11985
86276
-77515
86281
20805
20746
-77495
20748
53590
20762
53595
-44773
53600
86302
-11935
20769
53625
86312
-11910
-44751
-11900
-77519
-44655
20792
86420
20797
-44640
-11962
20905
86352
-44625
-44709
53685
20832
53690
-11934
20930
20846
20935
20847
86505
86383
86515
53618
86525
-11912
53765
53642
-11770
-11892
53780
-11886
86555
20883
-11725
53657
21050
-11879
21075
-44641
-44460
20921
53845
86459
86615
53696
-77225
-44604
-44450
20939
-11680
-44597
21100
-11826
-44425
86479
21120
53718
53890
-77348
-11645
20957
86670
-77342
21140
-44562
21155
-44548
-11610
20992
-44375
-11773
86700
53778
-77135
21022
-44355
-44492
-11585
-77259
-44350
21051
-11575
86603
-77110
-77224
-77090
-11687
-77085
-44453
-44315
-77221
86760
-44437
-77080
21101
-11530
86643
54010
-44414
54020
21131
21260
21133
-11500
21136
54040
86682
54045
86696
21300
21164
54075
-77138
-44225
53968
54080
53969
-76985
-11566
21325
-44331
-44200
-44329
54105
53987
86875
-77081
-11425
-77076
54120
53998
86890
21236
21355
86778
-76950
-44292
21360
21252
86900
-77051
54135
54028
86905
54033
54140
-77031
-76930
-11484
21375
-44244
-44160
86832
86925
86833
54160
54069
-11370
21316
86955
86858
86970
86859
-76870
-44206
-11325
-76964
54215
86877
-76855
54123
21450
-44177
54225
-44173
86995
21371
-11295
-44152
54245
-44147
-76825
-11368
-76820
-76883
54255
-44111
21490
-11332
-44040
-76852
54265
21463
-44030
87007
-44025
-11293
21515
87018
21520
21483
87060
-44048
-44010
-11278
-11230
87032
21540
-11268
-43995
-76789
-76755
-76788
54330
87054
-76740
21533
54340
-11229
87110
21547
87115
54316
54350
54319
-11180
87102
54365
54337
87135
87112
-76700
21597
54380
21599
54385
-76704
-11145
54371
21630
-11158
54405
-76691
87175
-43912
-43895
-11144
21650
21626
-43885
54397
54430
-11136
-76640
87169
21665
-76667
54440
-76659
-11090
54414
-76620
21658
21685
-11107
-43840
21676
-43835
-43846
-43830
87233
-43825
21711
87250
87248
-76590
-76584
87275
87258
-76550
54512
87295
87286
-76545
87293
-43775
87302
-76540
87308
-76530
21773
-43760
21772
-76525
-76529
54550
-76528
-43750
-76524
54555
54551
87340
54558
-43730
21791
54580
87326
-43720
54562
54585
54567
87360
-76504
87370
21808
-43690
54578
54615
21812
-76450
21824
21860
21826
87405
54594
-10895
-43698
-10880
21841
-76415
54612
-43635
-76454
-43630
21852
21910
-76452
87455
-43674
87460
87401
54700
87404
-43595
54653
-10825
21897
-10810
54668
87510
-76399
-10790
-10862
54750
-10861
87535
-76393
22000
-76374
-10765
87476
54785
54709
87560
-43593
87565
21947
-76275
21948
-10735
-43586
-76265
-76351
87590
-76341
22055
87502
-10705
54751
-76240
87519
22070
-43538
22075
-43537
22080
87536
-43455
-76293
-76215
54783
22090
-10753
-10675
-43517
22095
87564
-76205
87567
-76200
22032
22120
87568
-43415
-76253
87665
54823
-43405
-76244
87675
-76242
-10625
-76241
-76150
-43469
-10595
22069
-10590
22071
54955
54843
54970
22087
-76090
22089
-76080
87629
22240
-10671
-43290
22103
55025
22108
55030
-76192
87805
54892
-43265
87698
-43255
22171
55050
-43358
-43250
-10589
55060
54952
-10470
22187
-76000
87728
-43225
-43342
87850
-43337
-43220
-10549
87855
-76072
55090
87771
55095
-76068
22330
-43301
55100
55017
22350
-43286
87890
-10518
-75930
-43281
55145
-43267
-10390
-43263
87920
55042
-75920
22281
87960
-43251
87975
-43239
55215
-76004
-10320
-76002
-75850
87839
-43080
-75998
-75845
-43221
55230
-10451
-10300
-43217
-75835
-43216
22470
-10441
-43050
22328
55260
-75977
-10270
-75973
-10260
87868
88045
55108
88050
-10418
-75790
-10396
-43015
55153
-75765
55156
-42990
-10373
-10220
55178
-42975
-75894
88100
22413
-42965
-43123
55340
-75883
55345
-10346
-10190
-43112
88120
87963
-75710
87981
22600
-43074
-42920
-10304
-42905
22472
-10135
88019
22640
-75819
55410
55257
-10125
22496
55420
-43038
22660
55279
55430
-75772
88200
88071
-75635
-10233
-10095
-42998
88210
88076
-75630
55317
88215
-75742
22680
88101
-42850
-75726
-42845
-42943
88230
-10174
-42840
22596
-42835
22606
22705
-10162
-42830
22616
22715
88156
88255
88159
-42815
-10141
-42805
22632
-10035
-42894
55505
55416
22740
-10117
55555
22653
-42745
88194
22805
88198
55580
55442
-75490
88228
-75485
-10074
-75475
-10064
-75470
22712
-42700
-42818
-42695
-42807
88380
-10039
55615
-10036
88390
55504
22855
-75561
88400
22744
55640
-42786
55650
-42778
-42645
88296
55675
55532
88450
88304
-42620
-42757
55690
88323
-75370
22788
-75365
22803
-42595
22806
55710
55574
55720
88351
55725
-75474
88500
-42677
-75325
22872
88535
88416
23000
88428
23010
22896
-75285
22897
88560
55666
23025
55674
-42505
55677
-42500
-42612
-42490
55693
-42485
55694
23065
22933
-75220
-75361
55870
55713
55875
-42591
23115
-75358
-42415
88489
55890
88503
55900
-42566
-75165
-75329
55910
88516
-75145
88519
-75140
-75316
88705
-75307
55940
-42486
55945
23056
88740
55827
-42325
88597
88750
23118
-42305
88659
-75065
23157
56010
55929
-42290
-75142
88785
23164
88790
88701
23255
55946
-75050
-75108
-75035
-42337
23275
55978
-42260
88757
23280
-42298
-75020
-75047
88825
56031
56075
56033
-74995
23271
-42225
-75032
-42210
23274
88865
-42258
23330
88817
-42195
23286
56110
23304
88880
-42231
-42190
23306
23350
-42227
23355
-74993
88905
-42224
-42165
56082
56140
23316
-74925
56084
23380
88854
88930
56097
-74910
88872
56165
-42192
88935
-74944
88940
88901
-42125
56134
-74890
-74933
88960
23374
23445
88913
-42090
-74926
88995
-74914
56235
-42144
-74835
-42141
-42065
88957
56240
-74863
23485
56231
23490
56234
-74810
-74807
23500
23516
23510
-42018
-74790
89067
-42015
-74764
23525
-74748
-74775
89137
23535
-74697
-42000
23608
89085
-41922
23550
89154
-41975
56398
23580
-74669
56350
-41896
-41950
-74656
-74710
56418
56365
89201
-41930
-41858
-74685
89223
56390
89224
-41900
-74614
89175
89233
23670
-74604
56440
-74601
-74620
56483
89240
23719
23710
-74583
-74590
23737
-74570
-74567
-74565
89282
23740
23748
-74560
56518
-74550
23752
-41780
-41778
56535
-41776
56545
-41772
56550
-41763
-74520
23788
-74505
56557
-74500
56567
-41730
56579
-74495
89356
56580
-74484
-41710
-41706
89365
-74469
56600
89378
56605
23846
-41695
23848
56610
-41674
89385
89399
-74450
56633
89395
89411
-41675
89413
-41670
-74419
56645
23886
-74420
56667
-41650
-41634
56660
56672
23900
-41626
-41630
-41621
89445
23928
89450
56737
56685
-41553
-41615
89534
89460
56771
56700
-41532
56705
-74277
-74365
56797
-41565
24034
89515
89573
23985
56814
-41545
56816
89540
-74254
-74290
24058
24015
-74244
24040
-41476
-41490
-74242
-74245
24069
-41470
-41466
-41440
-74229
-74205
-41449
-41435
-74214
56870
-41446
89650
-41442
-74185
56869
-41415
-41428
56890
-41424
-74180
56883
89665
-74176
89670
24129
89675
24133
24140
24134
-41395
56903
-41385
56909
-41370
89682
-74135
24147
24175
-74157
56960
24157
24195
56929
-74095
89713
89760
24178
-74075
-74124
89775
-41343
24240
-74106
-41290
56967
-41275
-74099
24265
-74094
-41270
24221
57055
56993
57060
-41308
89850
-74074
24325
24234
89875
57004
89880
-41299
57115
-74062
24370
24243
57140
89779
-73930
57019
24375
24253
-41150
-74041
89935
89803
24405
-74021
-41130
24291
-73880
-41224
-73845
-41214
24470
57091
24475
89869
-41050
-41198
57280
24348
-73785
-41178
-41010
57132
90070
24377
-73760
-41159
24550
89952
57320
57187
90090
-73876
57330
57197
-73740
-73871
90105
-41101
24580
89974
90125
24441
-40945
57213
24595
-73848
-73695
-41066
-73655
90013
-73635
90028
-73625
-41029
24685
-41022
-40850
90052
-73605
-41019
-73600
90062
-73575
57311
-40805
-73753
57500
-40983
24735
90091
-40800
24556
24740
57326
24745
-40976
90285
-40973
57525
24572
-73525
57341
24785
-73728
24790
-40954
-40745
57356
57560
24588
90345
24592
57590
-73711
90365
-73702
-40700
57379
90385
57382
57630
-40922
24865
57401
24895
-73663
-40640
90178
-73405
24649
-40630
-40884
24910
90189
-40620
57422
-73385
24669
-73380
-40866
57695
90212
90475
24706
57720
-40826
24970
90252
90510
24717
-40555
-40818
-40545
-40817
57765
-73558
25005
24753
25010
57524
90550
90296
-73290
24762
25020
57557
90560
90331
-73280
-40736
90570
-40732
25035
57579
25040
-40717
25060
90367
57830
90376
90610
24842
57845
-73461
57865
24844
-73205
-73459
-40435
-73454
90640
57639
-73200
24889
90645
-73414
-40425
57666
90650
90439
25115
90443
-40420
-40624
90655
90458
-73185
-73372
90660
-40599
25130
-40594
25145
90489
90710
24961
-40340
90497
-73105
57732
-73085
90511
-40315
-73324
57990
-40552
-73075
-73311
-73045
-40536
25260
-73304
-40265
25003
-40260
-73296
90820
-73288
90825
57791
-40240
-73276
90860
90574
58095
25038
-72955
-40496
90895
57809
-72945
25042
58130
57816
58135
-40487
58140
90587
25380
57849
58150
25091
-40145
-40444
25395
-40443
58165
90639
-40125
90666
58190
-73156
25425
-40384
90965
25154
-40100
-73149
58225
25173
25465
-40357
-72835
90717
-72830
25186
91015
25191
91025
-73113
-40045
-40336
-40035
25204
91055
90741
25520
57976
-40015
25214
91070
-73088
58305
90758
25545
25224
-72745
-73078
25565
25233
91105
-73071
-39965
58007
-72725
25257
25580
-40276
58355
58029
91125
90802
-72715
-40264
-72700
90822
58380
90827
25615
58063
-39915
58064
25630
-40222
-39905
-72984
91170
-72952
91180
25386
25645
-40147
91185
-72913
-39885
-40114
91200
-40111
58440
90977
58455
58211
91225
-72857
25690
-40084
91230
58227
91235
58241
-72605
58251
91245
91021
-72570
-40046
-39795
91033
91280
58268
-39785
-40032
-39780
25507
-39755
91054
-72520
-72786
58560
91074
-72510
-39992
91345
-72706
58585
58367
-72485
-39938
25835
58374
25840
91143
91385
25612
-72450
91151
-39675
-39919
25865
58392
91405
-39907
-72435
91181
-39655
-72659
-72420
25651
25885
-39884
58655
-72646
-72415
-39868
58675
-39867
-39625
91207
58690
91219
91460
25701
-72380
58478
-39605
25714
91475
91251
-72365
91252
-72355
58496
25960
58507
25965
91284
-72335
-72551
25970
-39773
-72330
-39768
-39555
91306
58750
25774
91520
25777
-72315
58554
-72310
-72507
-72290
-72499
-72285
25809
-72260
58577
26045
25819
-72255
58607
-39485
25839
26060
-39689
26070
91384
-39465
91393
-72230
58626
-72225
25862
-39440
91406
26100
-72423
26115
58651
58890
-72419
91660
91429
-72180
91434
26130
58688
91670
58694
-39395
91464
-39385
-72372
58920
58713
91710
91507
58945
-39553
91725
58773
26195
91546
58980
58792
58985
-39499
58990
-72266
26225
26039
59000
26056
-72070
-39479
-39300
-72241
26260
91606
59030
26073
26280
-39449
26295
-72217
91835
58858
91845
91626
91850
91628
91855
-72207
26320
58867
-39210
-39437
-39200
58871
-39185
58876
91890
91667
59125
58923
59135
-39374
-71935
-39371
26375
91713
-71920
-72121
-39150
-39353
91930
-72118
-71910
-39348
59165
-72107
26400
-39336
-39125
26203
59180
26218
26420
91773
91970
91783
26440
-72048
-39080
26267
91995
-39267
-39075
-39264
59230
91812
59285
26279
-39015
91827
92060
59059
59295
59061
59300
26294
-71770
91832
59305
91846
92075
-39226
26540
26312
-38985
-39216
92090
59099
59335
26332
92115
59102
-38955
91879
59350
59114
92120
-39184
-71720
59128
59355
-71932
92140
-39161
26605
91927
-38930
91936
59385
59169
-38910
-39131
-71675
-71897
26630
-39123
-71670
-71881
59405
-71877
92185
-71874
26655
91972
92215
-71859
-38850
-39084
-71600
59223
26715
-39074
26735
26471
-38790
-39061
26750
-39057
92290
59264
-71550
92034
59525
59276
-71545
-39027
59535
-39006
26775
59314
-38755
26551
26785
-38972
59570
-71734
59575
-38961
-71450
59351
26865
-71719
59640
-71714
-38655
59366
26895
59373
-71405
59378
59670
59399
-71395
-71669
92450
-71666
-71385
-38893
-38605
59412
59710
59413
-71360
-38892
59715
26658
26950
-71636
92490
59439
26955
26673
59735
-38862
26970
92214
-38565
-71621
-71320
-38852
-71315
-71618
26990
59462
59760
26702
26995
92252
59780
59491
-38520
59493
59785
26727
27030
-71573
59800
26741
-38495
59514
27050
92288
92595
59539
-71225
-38762
27080
59556
27085
26788
27110
92326
59900
-38733
27135
26818
92675
-38707
59910
92373
59915
26851
-71155
-71434
-71135
-71431
-38365
26883
-71130
59653
27195
26892
-38335
59668
59985
-38636
92760
-71398
60000
-71393
-71050
-38621
27280
26921
-71015
-71382
60085
26934
-70985
92471
27335
-38592
-70960
-38587
-70955
-38584
-70950
59721
27355
-38579
-70940
92502
-38165
92504
92915
92507
60155
92516
92950
59751
-38100
92537
92975
92541
-38090
59782
93005
59787
-70830
-71282
93020
59792
-70815
59793
27495
-38506
27500
59803
-70800
-71267
93045
-71256
60280
59821
60295
-71249
-70775
59826
27530
27063
-38005
92601
93075
92602
93080
-38458
-37990
59853
60315
59867
93100
59873
60340
92646
93110
-38424
27595
59902
-37935
59918
-37930
-71128
27610
27179
60385
-38351
-70685
-71096
-37900
-71082
-70655
92763
-70645
27236
27665
-38298
-70625
92778
27685
27246
93225
92784
93230
-38283
27695
-38276
27700
60029
60470
-71022
-37830
-38254
-70590
-71018
-70580
-71016
60510
-38222
27745
92872
93290
-38184
27755
-70946
27760
92904
27765
27371
-70525
60163
93340
92933
-37720
-70899
-37715
-70883
27830
92964
-37705
60199
93370
-70854
-70465
-38082
27840
-38076
93385
27462
-37680
-70822
-70445
-70817
60630
-70811
-70440
60269
27865
-38031
60635
-70778
-70425
-38006
27895
60302
-37615
27542
27925
-37992
93490
93088
93495
93092
60735
60328
-37565
27574
27980
93113
-37550
-70726
-70310
93126
60770
-70711
-37525
60364
-70290
-37929
93560
27612
93570
93156
-37495
60391
28045
93169
60825
-37899
93595
-37898
28060
-37897
-70235
27657
28075
-70641
60845
27666
93620
93203
60855
-37853
93630
-37847
28095
27693
-70210
27694
-37435
60474
93640
27713
-37430
-37823
-37405
93251
93670
93254
93680
27737
-70160
-37794
28195
93281
60965
93287
-70105
27766
-37330
-70537
60980
-70528
93750
60551
28230
60553
-37305
93328
28245
93337
-37290
27804
61015
93364
93785
-37706
28250
27837
-70055
27838
61030
27839
93800
-70461
28265
-37693
61045
-70454
28290
60627
93830
-37674
93835
60641
-37235
-37663
-37230
-37656
93845
-70421
28310
-37636
93850
27901
-69980
27906
28330
93452
93880
93459
-69960
60716
93890
60727
-69950
93502
93895
60742
28360
-70323
-37175
93518
61130
93528
93900
-37532
93905
-70296
61140
93551
-69930
-70279
93920
-37509
-69915
93596
28390
93606
-37145
28076
-69905
-37451
93940
28088
28410
-70211
-37125
60884
-37105
93656
61200
60904
-37100
-70161
-37090
60918
-37075
60934
61235
60951
-37060
-37337
94020
60971
-37050
93739
94025
-37326
28490
28227
-37040
-37307
94040
-70058
-69800
93786
61275
-70042
-37020
-70038
61285
-37254
94060
61054
-69780
28286
-69765
93831
-36990
61063
61315
61064
-69750
61066
61325
93837
28560
61073
-36975
93861
94105
93862
61345
28329
28585
93868
61355
-69959
-36940
28349
-69705
-69954
28615
28351
61385
-37182
94170
28356
61405
93908
-69665
28379
-69655
93923
28655
61168
-36880
93961
28660
93963
61435
93968
94205
28434
28685
-37093
-36850
93984
28695
61218
61475
93987
94250
61224
-36815
-37079
28740
93997
-36785
28478
61530
61247
28780
94028
61550
-69812
28785
-37041
28790
-37037
-69505
-69803
-36735
28507
61570
94054
94355
-69781
-36700
28524
-36695
94066
28870
94069
28875
-37001
61645
94073
94415
94081
94420
94088
61670
28563
-69400
94101
-69380
-36964
94465
61341
28940
-36961
61710
61351
94485
61372
61725
61373
-36575
-36931
28970
-69698
28975
-36919
94515
61386
-69325
28626
-69320
61394
61755
61396
61780
28641
94550
94178
94565
61414
29035
-36864
94575
61442
94580
94216
29050
-69623
94590
-69604
-69250
-36827
29065
28713
94605
28714
61845
61496
61850
-36801
94620
28769
-36450
94306
-36435
28772
-36430
94316
-69195
61549
61880
61553
-69190
-69518
94650
-69516
29120
61568
-36415
94346
-36410
28812
-36405
61592
94670
61608
-69170
61632
-36390
94421
-69155
-69412
-69150
94429
94695
28904
29160
-36629
61935
28908
94710
94457
-69125
-69383
29185
28923
-36325
28936
61980
-69356
-69090
28949
61990
94487
-69075
94499
62020
28963
29255
-69337
94805
28968
-36265
94511
29275
94517
62050
-69319
29290
-36544
-69005
29001
-36235
-36532
94850
94544
94855
94552
-36205
61786
62105
61787
-36190
-69282
62120
94562
94895
-69276
62135
-69271
94905
-36503
-68930
-36496
-36160
-36482
-68925
94604
29385
61848
-68895
61866
-68890
-69203
94960
-36433
-36110
-36431
62220
94644
29455
94648
-36080
-36423
-36070
29121
-36065
-69178
-36060
-69174
95020
61901
-36045
29134
62270
-69164
62275
-36372
-68790
94711
29515
61947
-36020
-69121
62285
29184
95055
-36351
62290
94726
-35985
-69114
62320
61961
-68750
29197
62340
94738
95120
61984
95125
-36312
95130
62007
62365
94794
29605
-69038
95150
29269
95165
29274
-68675
29294
-35905
-69006
62405
94837
29640
29308
62415
29323
-68655
94867
95195
62109
95205
-68946
-68625
-68931
-35855
-36153
95220
-36133
29685
62172
29700
94941
95240
-36127
29710
94987
-68585
-68847
-68580
-36077
-68570
62234
-35800
-68816
62515
62258
29755
95036
62525
-68801
95295
62274
-68535
95049
29770
-36018
-68530
29521
-68515
95059
29790
29524
-68510
29528
-68505
29534
29800
-36001
-35725
95078
29815
62316
-68470
-35972
95375
-35969
-35685
95106
-68450
62357
95395
95127
-35675
-35941
-35670
-68703
-35665
-35929
62645
29618
95415
62394
-68425
29627
95425
-35901
62660
62413
-35640
95184
29905
29658
-68390
62436
-35620
29677
29940
95219
-35595
62456
62710
-35834
-35590
29736
29950
95282
95490
29756
62725
62531
95520
29766
-68320
29781
95535
62559
62775
-35736
62780
-68493
95560
95351
-68275
-68483
-35505
-35708
95570
-35692
-35490
95387
62815
-35679
62820
-35677
95605
-35672
-68220
-68423
30090
-35649
62860
29889
-68210
62661
-35440
62664
62870
95459
-35400
-68373
-68165
-68363
95720
62711
-35350
95481
-68100
-68357
62980
-35586
-35320
-68352
-35310
29958
30235
29959
-35285
95512
63020
29979
95790
95521
30260
95522
-35270
29993
63040
29997
-68025
95544
-68000
30014
30305
95553
63080
30026
-35210
30027
95865
62797
-35200
95566
30340
62802
-67960
-68267
-67955
30038
-67940
62811
30370
30046
63140
-35489
95910
30053
63155
62822
63160
-35483
95930
-68232
-35130
-35463
63185
-68188
95970
-68183
-67865
62896
95995
95669
-35060
-68161
63255
62914
-67805
95684
-67800
62931
63275
62932
63280
-35368
30515
62938
-67775
95706
96075
30171
30540
-35361
63310
-68123
30565
-68101
63335
62972
-67735
95751
30570
-68087
63350
-35312
-34950
-35306
63355
-35301
-67715
-68067
-67710
63012
30595
95794
-67705
30262
-34925
95801
96150
63049
-67690
30284
63385
95823
-34900
-35244
-34890
-68012
30660
30298
96210
63066
-67630
30303
96215
-35232
30680
-67983
63450
-35212
-67615
63104
-34840
95884
30705
-35187
-34825
95892
-67590
-67947
30715
63141
63490
-35159
96260
-67926
30725
63153
63495
63157
-34790
-35141
30755
63168
63530
-35129
-67540
-67883
63540
-67874
-67530
30452
96320
-35069
30790
-35059
-34730
30478
30810
-67819
-34720
96038
30820
30513
63590
30537
96360
-34999
-67480
30541
96365
63314
-67475
96087
30835
-34973
63605
30567
96375
30574
-34695
-67717
30845
30592
63615
63361
-67435
-34943
30870
30596
-34665
-67699
-34660
96146
63655
96149
-67410
-34921
30900
63388
63670
96169
-67390
63416
63685
63426
30920
30663
-34610
-67641
96470
-34849
-67370
63476
63710
63481
-67360
30716
63715
96254
96485
63487
96510
96256
-34560
63489
63750
96272
96520
63504
63760
30744
96535
-34782
31000
30758
63770
96302
31015
-67533
-34515
-67511
31035
30819
31040
-67482
63815
-67481
-34485
63592
31055
-67471
63835
30836
63840
-67466
31075
30839
31080
30846
-34455
96386
-34450
-67432
-99985
-67424
-99980
96421
-67205
30916
-67200
63708
-67195
30942
31110
-34581
96650
30956
31115
-67339
-99940
-34569
31135
-67334
-99935
96509
96680
-67329
-67160
30979
63920
-34549
31160
63758
-99905
30999
96715
-67304
31180
96537
-67125
-67296
-99890
-34521
-34350
63796
63960
-67269
31195
-67257
96750
-67243
-67085
31062
-99850
63844
96760
-99977
63995
31101
64000
31111
-99840
63883
-67070
-99953
31235
96668
-99835
-99931
31245
96684
-99825
-34384
-99810
96693
-67040
63926
31275
-34374
96815
31172
-67025
96718
64055
96726
31290
63962
-99780
31198
-67010
-99873
-99775
-99867
-34235
96743
31305
31209
31310
-67074
64080
-67071
-66990
-34292
-34220
64044
96860
-34253
-34200
96829
96885
-34239
-99715
-67004
31360
-99772
96900
-66996
31365
-34216
-66935
96857
31370
-99748
-34160
31332
-99695
31338
-34155
-66953
64155
-99721
64160
96899
-34140
-66941
64165
96908
-66905
31373
-66895
-66931
-34125
96936
64185
-99671
-66880
96938
31435
96939
64205
96942
31440
-66894
64215
64199
96985
96969
-34080
96977
-99615
-66851
97000
-66842
-34070
-99603
97010
97007
-99595
-34064
97020
97018
31495
31494
31505
-34031
-99565
-66797
-34025
-34028
-99560
64279
31520
64292
97075
64307
-66750
64308
-33980
-99532
64325
31544
64335
64317
-99490
31558
97125
-99513
-66715
-33971
-66710
64336
31610
64339
-33925
64349
-99460
31584
97155
64359
-99450
-99477
64400
-66708
31635
-33941
-99430
-33934
-66650
97149
-33865
64383
97210
-66686
31675
97157
-66625
64394
64455
31628
97225
-33908
64465
-33907
31700
31634
97245
-33897
64485
-33896
-99355
64412
-66585
31663
97265
31667
-66570
31674
-33800
-66628
64505
97214
-33795
64456
-99330
-33838
-66555
31701
-66550
-66602
-99310
64473
-99305
64478
97325
-66588
64565
-33799
-33735
-99334
-33715
-99328
64590
-33787
64605
64526
-99235
-33768
97375
-33764
-33695
97314
64625
-66519
31895
-99287
-99175
-33749
97435
-33746
-99170
31801
97455
97337
-99150
64576
97460
31808
-33610
-33727
-99145
97353
-66375
-33716
-33605
-33712
64705
31828
-33590
31834
-33580
97378
-99115
97384
-66345
-99217
31960
-99216
-33575
-66447
-66335
-66442
-66330
-99194
31975
-33656
-99095
-33649
31980
-99183
-33555
31898
-66320
97441
31985
64673
-99085
-66391
31990
-33621
64760
-66377
64775
-33606
97545
64702
-66290
97471
32030
64713
97570
31957
32040
97496
32045
31969
-33485
-99103
-99020
-99088
32055
-66318
-33480
64759
-33475
97557
-66220
64806
32085
97581
64865
-33481
97635
-99017
-98970
64826
32115
97598
32120
97599
-33405
97602
-98940
64841
-98935
97619
-33395
-66214
32145
-33432
32150
-98962
-33385
-66181
-33360
32124
64950
-66177
-66120
97664
97725
97668
32190
-98923
-98880
-33384
-66095
97691
32210
32164
32220
-98907
32225
64939
-33310
64943
64995
97727
97765
64963
65005
-66096
97780
-66091
-98820
-66086
97795
64993
32265
-33311
-33270
32233
-98805
-66062
-33265
-66057
32275
97786
97840
-66046
-33225
-33237
32315
-98764
65085
-98751
97855
97866
32320
-33202
65090
32343
97865
97899
65100
97909
65115
-98697
97890
-65927
-98715
32403
65145
97947
32380
97956
32395
-98644
65175
-65873
65185
-98631
97955
32457
-65875
65233
65200
65237
-98635
65246
65210
-33058
-98610
65249
65245
65259
65250
-98574
-33030
-65802
98050
-98558
-98555
-33014
98055
-98544
98070
65301
-33000
98077
65305
-32989
-98535
32548
-65765
-32986
98080
98089
-98525
98092
98090
-32973
-65750
65333
-98515
98104
-65745
32568
65335
-65732
65340
-65716
-98500
98132
98110
98136
98115
-98471
-32940
-32932
-32920
-65687
-98450
32637
32625
65426
-98445
-98407
-32905
98208
-32895
-32861
-98430
-65626
32650
98218
-32885
98234
65420
32701
98195
-32822
-98410
-98357
-98400
65487
32685
-98353
65470
98262
32705
-65576
-65585
32736
-32815
-65557
-65565
-65556
32740
-65554
65510
-32777
98295
98302
