1000
1402951627341
265315541958
588072636
462095389674
870962711670
716020025238
884648380302
138198717
1671948378
7173331569
7692057351
368798264919
618461730
578165526
133700812515
334963107
1606200597
649036719
519381153
387779211675
1615171671
1560251727
29062559673
23526774972
11160418464
7549611480
478524348
93779673183
156085993170
38703489903
2003224203
1353068469
125323848
69304157928
16972513119
240260756013
52936897059
434983927059
966258586026
4759959573
988408089
39820224591
27524805615
177134776857
658211184
405581422293
596589543
18006579207
57142543986
135268209171
32179283991
45072751239
675955773
14791302108
1513154421747
6549124590
406629955386
16616097
1514438451
493693380
32488346457
626405643
6787840014
899530596
187490259036
13754185155
41383015425
98071641
419589144171
124043643810
1309304282967
49587519681
2183139945
347636284299
76573385073
5242927905
1972118502
223646994
1052709156378
778367620476
106266056625
641670903
143298801
31354900902
17336294325
81866891727
6386031252
122573331
314520601266
107173580706
3318015798
459839349
743190714
418982769990
153155610
41183666001
4127879394
286545114
169350051942
1893288087
529940718
134915863788
1526222007
2020941090
5625079911
17951427441
4539739608
441420209010
22303161594
939252348729
125588475
36781917345
1875866445
612279081
83824065
2119091463
1085849874
44991854109
1789582734
375189374385
7116231186
773778096
1379664576
16619577246
667807011
1225268937
40583137671
33270332364
57962734596
1318564170
318688911
1316001006
108732474306
5391101529
3957844518
4047723657
412068708
9167002956
330514318161
36631165248
30620187
502140531906
13530507543
6090097347
1099829178
56814231546
57787654311
51639413382
62415619686
18384414075
674665443
51735249909
139028154246
39624240960
2166300045
105387885
398447343
1534025223
1439139570795
38804050350
57685204296
235851912
156825227601
482563737
314865506475
18051968205
3966052329
32417901000
114467608431
87555436191
980854613091
1379585844
277036767
189249328746
693941661
155102295879
517765689
97709856525
16495712127
168174858744
469553274
176426011710
3970802493
524182347
906972957
456010390224
1009016734563
169388847135
649876346937
1773075258
846088084224
45317036952
51276911571
77321122560
404031208896
59935384539
228077127
38674555893
170555891571
94303440
4425880014
613147320
486772321068
395880534
3999506868
215995410
4564153089
1146878109
462527451207
2235516408
138865533300
1743467652
398704044312
17589535803
229540959
82695408246
208920085920
494822589336
1554160409307
319826508210
360323559
879348960
57542305716
1973896533
4416878322
458586816192
1201216311
178943985
455588426070
11866054014
98009412102
7179059322
51338204433
4075581663
217254143682
3164193153
60562404
3835055403
9316869318
31149351333
884042262
512687475
2002008231
37413977841
451418739984
458058563838
1171363761
49627554903
16901280342
1301519203758
738569583
435410142741
298195796628
1332662709240
31624991028
408502753470
105147019026
11399881842
4905751554
325455531282
463676805
397644882399
131502123
91297666566
32575620879
9183182382
50250226608
340762626405
446575718151
1202049391788
12266465283
6263360235
8011000683
28624652289
308421784350
997208577
94955220675
1092189987
526182391305
53391987702
257265558
25960833801
145450809
54810594
374394717
2009035062
10225692477
568813185
123792095070
533822643
1455899022
188877851487
104046525
16882817688
206416350
3081511431
261480132261
1744097508
132105072339
654339465
2585854125
372920679
10539400131
217248297831
405677565
11195710083
136228877352
31078728
2266832061
643315707792
55488463398
661569111819
4775686290
57391907913
1625656149
10713673413
1054579297257
1295438832
202138578
344024577
1452520107
3554402067
3677788233
241802739
8756238429
2741152995
660732066
771534352098
17582941998
16374701043
947287736649
3761185104
6064470081
4895654175
9989555526
399644163441
727666659
1490261166
532398906
371340936
1229271147
271430302104
19085955561
2163483189
5948970237
1565535903912
1854333243
24169759533
133361398863
105560125830
41934533085
221942516184
284742367713
7801455465
459549787284
6826674573
9526316121
109099953
1359839421
25173710631
6080984118
3434486670
98572562415
11747857599
204795054
91613873961
3965671791
49625370090
4194191421
105391127592
2098778607
46747144683
148712957883
6787052694
32993687799
7821807687
31807983879
4448817270
49246334559
220838181786
134980182
5253451749
167193818658
14608899747
8643592620
15557640030
102354650865
11598089652
3613680702
3297775113
604814121
223326919989
376175664
4344497370
1556588563236
4005037791
476091951291
9947965347
1441808467497
866989658754
516606887367
298172664
1072627033617
795712260393
26448224247
6300692325
2298383910
2930247576
126991901331
3631467573
1554279030
7174768428
119148009318
11092098771
26408897613
426417629580
5225659353
124016008878
1202696910
5502815676
1485021114
402816240
517919508
1361744298
1555062796125
172523109006
3582306000
44897966199
409290880473
133492133349
21661003719
254916304470
509293251
497346934086
13437308538
81430047225
927795543651
1588243140
80163446175
267593301
793296861048
92252034
406403649
463408048944
813396491109
1354807134
10259232309
929886156
1579103667
5058255438
4991142969
481546661715
355383126
48300901020
1428596514
119636919
1473187257
2808088317
1979342163
618168451113
74565600975
495886212
140202107415
366799995
1880067672
85559875236
22440804813
163592703
1900428642
46228812561
136122766299
15612260355
82111000293
116930483172
451081143
94969038141
484962147
12117897999
454732806060
1333671915699
103936927869
64247496813
3366344124
1422810514629
1090443593142
6758787906
490920218073
42536950983
460609902
312071049
491309232885
583829127
253576541709
2673148230
370539036
53640406845
3330337356
204755714244
45770356125
164797011
1108602932112
686721645
15498610713
470945476647
711613350
40699877544
5310630864
1217163915
380499363
18537173838
27745766973
819046809
3425642442
1445971244850
17878639707
126025387299
56073222
43647780771
1337866632
11865955599
5761260027
12897600678
12730747887
1412876358
367222010913
37928944170
2102380596
434842032312
136244466288
33989372037
112046540382
82510466778
244888596
99690891426
68242338810
145019088639
10039255101
380196828
49738941
1035397997244
386674877277
1098440433
1761650370
26889894
381795717456
502874983368
3982645098
21330152172
2039679306
932101587
817513722
464341653
172232410779
1523818848294
139923278037
604510128
110831489109
238520286738
48520209006
2360044188
22747210074
37115839440
10539439497
1437399189
1189682073
8021058696
1335001662
552452051376
9832426137
11188722618
582859557
1253290968
224487531
115771056057
54066681576
210228291
754707867156
7297669080
1394339094495
7558488513
899614290303
47115256149
1749444723
11997044379
9549994770
735468417
4018993038
30327212106
18172349433
37630251
8626133799
13786209396
529049151
41526756
928364716962
72228677751
484157631348
16257311631
52926799680
58673035017
399389940
275249237130
1574325072
30586260069
953372349
393502536
2041864119
963170109
1049326002972
26006346
54048060
326757483
30091547547
8317189431
799264412037
7970434020
18056
1508476678065
1080241520265
1882475559
624624696
37136211345
151500543075
727425811980
1995267897
580663809
229971798
109063503
99297979380
708603309
729141303528
116591886
11454856461
3038287563
123118936470
5470345287
3874454208
501274283076
839623104459
36242235
8225820945
151993188882
129072138552
552389872779
50186099394
9013318092
37814507208
221024052
626022189
680986371636
1109742849
14280173964
2091325311
5315236686
646063857
6229715427
8771433705
34126720011
162178787088
500650902783
24374010024
18441691605
1479306483
11088949491
125656035804
16929938790
12273255918
694429362
36271143495
7834739418
316543797153
60075862110
1051824528
1655583057
21079607265
7190278632
171016119477
100392924987
258424668
7450094232
164376827064
423552099708
16034500071
4894906221
9928912203
404662797
1259814902724
65900871
684185454
478362510
459381537
212363532
35428396167
432812403
75981359799
18494835705
506068943778
49736559357
1571615379
534659406696
303167958624
170512844850
161826087411
2825848944
201892310136
28363891905
1184778819
36235064556
12613929282
1959147405
623474358057
9047861757
38612613492
98990910
6123361617
5046635907
10746366876
394410141
13928005728
620558341290
2356803054
139549554
171302389029
146350348344
6935836491
2129713722
12666797820
68616473274
13311711315
288081411516
122852684529
3534010479
4116574791
5280200946
7236297486
1350217799793
1341391627665
555703578
164670891084
467087746428
169344737532
1419627627
447650291853
194454918
157513266549
7040864979
1083591192888
46733150070
83821531725
10857575826
529019223363
471055014
371859365079
170454917781
164271070305
6137579304
6334068132
204306115158
1426131765
4929876351
5060971692
29515701699
19716992541
2854723905
646723602
1689076962
14191305219
1151098017354
53149355361
166448384082
396857818278
4819618746
27524274174
1565561763
23149274715
134198949879
931124490075
323164242
4518134235
7788228489
32334996204
33789879
116729421327
1302007066596
1345787176176
286026795
626015708919
5460930252
240569523234
10034176887
499461537825
1199288024352
55807150851
148036610637
279767548512
21588609645
825098821929
50909862987
7118022339
159467197959
407790091089
2786837238
3853701765
463611195
41026418514
2058356286
199388061
2148567849
2099014803
58101735942
31085932707
710350612650
6472124694
2737787202
34938761859
1214239585446
105794137017
2285708058
92739288852
711972018
183639474
34849775016
387442359
834596204040
18043583247
1501863426261
19283690979
4432158891
125512901028
73737621
827335539
7169552433
477950625
14231281392
95281171155
4670113239
301397197212
233960522958
270017200485
1665614826
1438564020192
75880917450
217822284
1983315942
47989004202
285318936
55556487846
1394426826
8225210772
1052678864241
326744361
41264976474
35265375
486069756066
61699060071
2942359182
14695603362
784813698
5739438141
838318653
60832988388
142355329200
177073661142
1730240676
540320847669
150876631341
3021753843
52817618079
19362226149
11128669785
1134150363864
337110741
1494928224
406174510449
1120828752
18889342074
1540385019
6095766051
41545459224
764548028712
22624506252
37901899728
10042227234
160946552556
2123712594
530180953389
423433818
8722954476
96247685187
154876050
690695424
3713952465
234426717
2018883123
1393097130
107690672799
256771296
4847883534
3835232550
18957209058
66599654679
386556365934
53669163708
443455074
3356430453
18398841714
12578204637
284076472140
167798775663
16392277962
62726689818
694399473
1294636203
7586280909
142281104607
57379566672
2957055822
16253001054
354902677092
30819857913
15770984067
1196770588335
440666094231
7431611895
19146638250
51002924211
470022363630
493708689
1075850754723
33616377
12945725613
8609285151
56634427341
4573620612
2987459496
284990886
1169813178
193202186904
4532909607
13626836145
67136764383
9940722003
18763114995
47440379943
1424611800
60017935041
95903488566
337189473
1290843616950
297410326830
1955711628
203862663
241508048040
155823750
123983946
38827965195
165559814730
4237572753
618137325
2071497969
5822756280
22167703188
391793031
12245286375
4894118901
334474085052
159521936382
5484425193
767676366
3078001296
31813560
73131822
5573018376
114372126198
80373542517
22476528
4013645823
3005128269
47983630743
67231360881
133848375966
328215304395
10783368
1697590953
477330740262
2032925850
1040121891
646026056892
33800356188
255740569461
16590229893
434039024961
6535438344
3934539846
95937146496
14917017429
12017140722
1221553224
206696286
5378504409
