26	37	91
21	28	16
41	86	95
94	86	57
37	98	65
31	34	48
27	69	87
16	96	95
14	61	92
28	98	89
32	40	67
85	17	71
83	82	56
77	87	82
42	37	35
68	19	42
62	29	37
88	10	48
59	29	10
70	67	30
10	39	41
92	53	11
89	83	21
63	70	84
63	36	11
41	32	46
47	57	71
65	48	76
46	99	70
59	26	80
99	27	81
78	83	20
39	73	29
60	90	17
13	24	90
93	28	42
73	80	56
97	86	10
56	49	59
82	93	17
19	62	73
35	69	19
44	74	45
89	97	27
46	48	32
70	57	97
34	76	99
65	59	31
41	26	71
84	96	91
22	40	31
98	78	30
93	99	52
99	56	15
75	51	82
59	67	16
41	75	10
55	17	18
80	87	29
15	98	43
14	71	23
16	88	91
46	41	19
45	54	97
59	58	90
44	44	99
52	41	70
34	33	12
10	82	23
32	27	22
67	36	61
28	51	19
47	35	53
87	13	21
40	19	55
14	60	41
99	54	81
80	93	71
48	25	86
71	73	11
16	15	43
92	41	68
62	96	41
39	61	37
83	93	26
75	74	65
41	37	53
68	61	39
79	46	86
48	98	70
79	77	95
62	95	62
60	42	99
88	25	96
71	57	26
30	86	10
81	64	60
29	89	94
40	57	63
23	60	10
27	37	70
34	98	10
68	48	45
44	22	24
86	91	71
20	38	79
52	50	31
47	87	45
51	10	57
44	95	62
69	34	94
41	32	49
33	99	44
31	91	38
80	77	62
86	66	84
93	11	58
29	43	15
75	97	52
99	92	48
46	41	86
43	15	21
70	51	38
28	65	31
60	99	13
84	16	98
61	74	30
23	67	16
45	68	26
82	84	19
51	29	39
94	25	56
52	77	46
80	46	70
67	16	73
22	61	63
75	78	26
86	77	99
72	13	55
20	42	85
19	46	82
43	94	64
43	18	60
54	93	15
27	24	75
34	87	44
72	49	76
72	64	40
44	26	34
27	46	17
43	63	18
36	56	61
32	64	46
74	60	53
18	62	35
89	20	54
90	11	32
75	18	81
70	85	84
38	74	68
46	51	68
74	32	98
87	14	69
64	17	79
38	79	30
15	62	80
45	18	15
60	72	16
60	97	84
98	47	67
45	62	44
14	79	80
28	45	43
73	44	27
72	24	67
61	25	45
42	40	64
42	16	31
83	55	77
60	37	77
34	83	90
54	96	26
32	48	71
76	94	56
30	47	84
40	68	70
78	76	13
63	11	28
38	30	48
45	82	56
55	14	99
56	53	88
15	23	73
57	32	29
41	23	21
26	58	15
19	13	62
97	18	87
38	41	26
53	35	28
31	70	76
70	72	28
55	44	65
32	84	88
75	99	77
70	90	35
76	36	28
36	90	61
64	37	45
60	23	82
42	95	54
71	14	70
99	79	88
19	69	99
40	19	55
69	33	90
24	70	84
37	80	54
68	56	73
54	39	35
10	82	92
79	79	94
30	61	59
23	55	26
81	92	55
55	71	94
87	67	78
44	19	94
76	41	44
39	12	45
35	82	22
33	93	94
99	83	20
84	81	80
15	28	89
52	44	38
32	29	90
79	42	64
58	39	14
45	80	70
72	76	26
88	52	66
88	36	85
22	25	81
55	77	97
13	60	34
78	89	25
18	57	85
24	91	97
61	87	34
37	33	25
17	91	16
44	81	23
28	33	22
51	64	77
52	98	26
94	22	54
45	80	27
26	89	99
39	87	44
31	65	99
58	21	11
78	32	20
83	36	52
62	84	39
33	86	97
44	39	67
19	42	41
84	14	97
95	51	11
74	51	18
55	47	32
38	86	39
72	85	45
32	98	91
92	86	68
30	32	20
72	48	20
76	77	76
10	49	69
73	28	18
99	75	17
49	40	95
11	76	57
88	78	24
89	67	60
47	89	67
76	35	58
22	81	91
60	25	68
68	19	26
54	41	98
40	30	61
23	19	84
37	49	77
95	65	38
24	42	13
78	51	20
68	35	33
45	10	97
61	68	69
72	57	44
73	81	97
25	32	54
35	35	24
14	16	49
37	58	92
85	18	96
51	51	65
37	54	65
41	83	62
39	83	69
48	80	61
37	18	66
71	53	80
32	41	52
29	94	68
33	15	57
50	14	99
85	68	94
60	13	61
98	95	50
49	25	14
76	32	30
73	79	44
72	19	65
98	26	19
97	66	51
20	19	43
17	43	55
16	56	75
49	11	75
30	44	21
70	10	94
71	54	64
21	18	15
81	42	49
43	88	48
85	68	22
95	50	19
15	42	96
38	48	91
84	53	38
51	18	12
83	35	34
11	95	48
99	18	62
59	56	24
39	67	97
11	38	29
81	19	90
66	82	42
79	20	84
51	48	21
17	85	70
50	59	49
99	59	75
16	47	99
44	74	83
98	91	82
31	86	13
33	67	53
39	36	10
15	33	29
70	77	46
99	92	97
30	57	50
83	26	16
81	23	55
79	17	30
38	59	64
54	54	88
63	39	84
48	82	42
14	93	29
54	94	53
94	95	31
92	20	17
59	77	21
57	28	10
22	24	17
92	20	83
28	51	60
18	77	24
20	72	82
27	90	96
68	39	65
96	25	43
61	12	32
95	44	74
29	69	39
47	37	63
80	94	50
72	15	30
23	98	20
20	85	51
41	93	65
20	96	74
62	62	36
56	34	53
88	17	47
97	16	84
74	11	13
28	31	88
22	34	55
46	67	43
43	16	65
26	20	17
77	19	97
82	57	98
19	82	69
80	85	53
32	79	83
59	88	26
35	89	73
90	40	11
73	22	75
11	11	14
43	24	18
86	45	95
38	35	64
84	36	17
77	17	16
49	92	84
91	35	21
12	17	86
21	38	91
72	72	98
10	63	19
54	44	14
67	15	96
31	22	83
73	65	16
77	16	73
33	38	95
72	50	48
33	65	28
28	11	78
43	38	86
59	73	93
27	52	43
13	59	92
47	10	52
12	78	96
25	29	33
34	13	31
41	77	60
88	95	26
56	55	13
40	94	45
55	65	36
20	24	80
84	10	93
56	69	49
13	42	11
14	64	13
59	22	82
82	45	74
20	71	73
89	98	62
33	59	12
65	18	52
74	60	74
66	48	29
38	32	64
25	53	90
24	93	65
74	64	49
45	28	42
43	85	49
91	27	50
62	30	87
26	58	18
34	53	71
86	81	42
30	80	13
62	89	99
65	61	94
19	99	20
49	74	66
61	96	40
57	75	93
16	91	48
64	81	54
13	75	62
32	63	93
53	53	20
15	74	39
63	81	38
94	62	69
45	25	57
47	59	29
52	17	44
96	55	65
77	88	74
65	41	22
11	53	90
85	19	42
82	32	24
53	44	44
35	82	47
69	70	53
20	75	75
14	44	74
53	72	43
18	88	24
36	18	57
89	67	93
19	51	16
24	18	76
85	84	87
71	85	46
84	67	93
37	99	84
19	65	55
68	83	60
26	11	41
66	47	92
67	52	99
56	99	73
26	28	83
55	93	51
54	26	58
22	29	39
30	31	50
12	70	57
93	50	40
16	94	89
44	17	31
78	76	99
13	76	41
89	84	28
63	18	15
66	44	42
66	35	53
42	79	49
99	52	93
62	95	10
47	80	21
32	21	70
76	35	26
95	53	60
90	63	35
68	11	56
89	75	57
29	73	53
28	85	54
18	66	99
52	52	37
48	35	25
40	84	96
47	30	17
11	87	71
10	12	52
97	89	55
90	43	84
28	22	93
78	74	25
37	26	20
77	66	61
52	36	63
26	16	71
11	99	58
11	44	83
88	20	99
45	41	66
56	59	50
98	24	26
86	83	43
31	13	27
67	67	68
34	48	52
61	11	85
75	88	92
74	45	90
28	75	16
43	20	54
44	13	97
99	76	14
46	15	76
74	82	97
91	61	36
96	61	29
77	21	35
21	28	32
15	71	80
73	74	58
10	54	42
61	74	48
77	85	11
78	74	27
82	62	81
27	48	72
48	16	17
22	79	38
87	36	69
57	38	96
91	64	87
41	53	12
24	13	45
28	44	36
51	83	72
81	89	79
53	39	44
13	66	60
89	53	56
50	86	83
12	81	76
69	80	86
10	26	78
60	91	43
89	35	86
42	48	29
46	26	97
59	78	63
77	76	55
88	78	85
99	54	51
32	12	21
43	91	65
16	34	88
42	57	71
68	80	64
78	78	69
78	22	35
73	70	85
23	85	89
30	79	22
26	39	62
52	95	97
64	84	22
42	57	94
34	44	11
27	43	16
53	15	53
56	11	63
52	74	98
36	97	81
13	95	34
53	40	63
43	95	62
63	60	54
43	71	40
74	99	62
88	18	95
23	94	32
19	44	25
29	19	67
19	80	82
33	85	59
37	46	40
20	51	10
43	14	29
87	24	93
97	64	87
14	44	71
76	55	55
37	44	73
20	67	45
94	25	50
90	18	48
68	78	78
47	76	79
19	97	38
46	85	55
35	23	90
39	54	39
16	40	37
20	16	11
76	34	85
37	55	44
54	61	74
42	60	23
34	80	30
87	65	37
74	37	94
58	50	50
61	84	73
39	36	41
55	94	23
42	18	28
33	77	16
25	87	24
22	41	63
37	40	22
38	18	54
15	79	38
93	50	91
15	90	31
28	27	57
96	92	37
19	80	85
42	72	55
52	87	92
17	79	20
34	88	49
23	27	65
26	33	67
51	36	52
58	41	80
87	69	40
66	14	66
35	62	61
49	49	77
78	51	30
57	61	79
47	55	23
42	85	64
30	27	87
80	66	16
26	16	23
50	85	34
68	98	96
49	68	93
45	33	44
40	56	25
45	68	94
13	36	55
69	40	80
81	10	98
94	11	85
90	59	28
92	39	17
57	54	27
64	93	65
32	20	27
79	23	44
71	26	28
34	91	55
33	87	44
88	67	64
16	99	41
93	14	94
84	48	67
31	91	69
29	97	72
94	86	30
34	13	89
53	95	41
54	22	61
72	27	31
11	77	79
98	77	32
30	91	82
37	53	66
16	15	17
89	55	82
99	30	62
53	32	86
83	42	24
70	98	66
39	90	40
81	73	35
50	69	77
10	96	98
14	73	57
25	40	45
53	36	27
74	33	94
45	47	84
16	52	64
56	27	53
83	90	26
85	95	58
54	27	62
57	25	57
32	68	34
28	24	45
42	86	58
81	72	87
94	51	59
67	98	75
17	84	14
24	15	30
58	88	27
42	30	32
66	65	89
66	95	25
19	98	57
68	33	94
87	91	76
34	34	13
63	67	20
82	92	25
59	83	88
30	11	78
31	92	20
79	56	74
95	49	61
91	31	83
94	87	21
80	81	63
22	77	36
14	15	74
93	84	19
88	80	23
61	10	46
56	56	17
72	84	26
74	62	35
95	56	26
88	13	92
56	89	72
41	35	80
23	36	14
22	95	20
50	62	48
92	93	28
89	68	30
57	70	34
97	70	80
79	40	97
87	58	41
49	64	42
55	59	28
43	66	19
73	33	53
64	96	29
17	99	38
25	60	83
37	23	83
51	75	95
85	39	67
77	67	86
29	41	19
97	27	11
33	25	33
40	96	46
24	22	41
20	44	86
25	51	84
42	49	30
52	85	41
29	19	81
46	59	77
28	38	96
34	93	35
40	23	52
71	35	88
40	48	19
14	68	27
86	89	85
96	29	27
48	41	76
65	15	71
75	89	44
70	53	45
41	77	80
35	50	58
21	59	19
51	11	82
86	76	74
16	59	42
58	47	10
39	51	52
84	14	38
44	38	93
73	19	92
37	12	36
93	83	90
25	42	67
73	84	20
83	12	79
84	69	43
23	11	80
16	97	83
30	29	80
92	90	20
83	43	64
13	42	90
28	97	48
85	70	10
82	98	59
49	23	41
38	46	30
37	80	47
77	65	88
96	28	81
29	56	37
98	76	17
48	74	19
42	37	82
75	52	13
29	24	36
51	50	74
26	24	81
32	53	87
32	32	13
56	64	26
64	64	65
95	62	97
91	93	57
23	96	74
71	36	78
21	12	57
64	41	16
45	16	80
74	52	18
53	23	34
43	48	13
15	91	51
36	26	19
23	14	37
46	72	49
98	13	95
96	23	27
78	53	86
82	19	36
77	61	59
14	98	99
51	99	41
26	11	99
23	91	24
76	88	11
15	64	34
32	57	63
12	97	59
32	70	40
84	79	31
64	50	56
76	85	11
46	30	88
41	34	72
60	65	89
21	69	75
87	63	39
55	15	97
73	59	69
36	73	67
39	34	91
16	25	90
80	51	28
53	67	43
68	67	65
24	47	44
28	49	72
30	25	28
29	73	55
13	47	42
49	79	23
48	82	98
61	73	85
11	29	87
13	17	14
19	66	90
19	16	52
76	65	67
36	82	96
56	64	97
96	27	76
53	42	66
70	80	13
67	52	36
99	79	36
79	91	54
73	10	63
77	98	42
35	14	19
88	42	67
77	28	49
39	81	56
46	90	12
44	50	34
87	96	13
65	38	93
65	90	24
18	49	68
38	87	30
12	72	67
73	68	75
13	12	13
62	94	88
82	74	63
50	87	95
56	84	39
41	14	67
32	48	54
43	36	39
53	19	61
51	64	96
92	28	91
66	39	58
87	53	94
81	57	96
69	13	99
45	89	48
57	78	32
82	50	52
86	24	33
65	39	37
74	16	87
40	93	52
79	65	59
20	81	49
10	33	44
64	84	21
27	18	87
34	43	33
10	49	81
32	85	15
51	22	81
23	87	20
81	39	38
18	15	43
59	19	73
89	56	61
44	72	72
79	20	44
66	69	97
84	13	57
61	56	27
58	63	85
11	73	86
76	62	24
66	61	93
72	35	82
21	57	72
12	72	84
90	90	58
74	82	12
43	14	57
81	87	86
81	51	42
86	66	45
70	29	90
70	95	46
42	63	74
55	27	83
50	86	73
35	87	38
76	15	47
89	51	34
26	82	14
57	32	42
52	67	68
55	82	59
95	17	48
83	11	25
18	31	55
13	46	55
16	32	12
46	50	38
23	30	31
93	64	86
96	37	60
21	93	92
30	66	42
42	87	22
33	47	59
37	84	74
56	11	41
84	35	27
39	80	60
86	86	10
92	42	10
24	14	98
36	44	49
80	20	71
46	45	44
18	46	53
63	19	68
22	99	38
42	41	65
76	74	52
33	27	75
36	80	55
65	73	80
22	63	59
44	52	58
49	23	49
85	52	76
55	25	24
64	59	48
41	35	97
61	78	92
90	79	52
65	68	70
71	87	49
41	13	81
24	55	90
50	36	32
10	97	64
44	82	58
16	87	15
79	77	11
25	44	81
29	31	88
19	76	24
93	64	16
31	20	71
59	31	97
15	47	61
85	33	54
78	17	39
62	56	63
71	86	41
23	84	86
35	29	85
92	70	38
86	88	31
53	30	11
95	74	84
35	10	24
79	67	49
33	82	24
95	29	71
88	33	59
98	11	42
85	21	15
74	12	82
80	76	73
72	73	45
30	65	50
46	12	54
35	70	91
63	37	11
23	19	22
64	74	29
56	26	16
34	33	80
33	21	10
83	46	50
70	49	67
65	24	56
39	55	18
58	46	49
11	63	49
53	73	85
42	90	22
92	54	36
74	69	29
71	79	13
84	96	71
55	31	35
24	78	81
25	10	81
48	90	84
16	84	20
60	13	50
77	58	35
62	17	40
40	29	11
19	75	12
51	23	39
69	31	86
73	19	79
39	35	60
91	56	40
52	91	73
71	46	97
62	55	47
65	67	26
61	27	70
57	52	42
66	59	83
53	53	29
11	40	15
90	15	45
32	81	32
84	23	37
10	75	83
53	29	15
84	11	36
90	99	41
46	91	70
48	99	40
93	85	13
97	42	76
60	44	76
18	59	70
16	91	83
17	19	18
42	56	98
34	96	25
13	35	32
56	32	10
86	68	57
41	91	52
27	18	87
56	55	55
16	11	87
88	85	44
46	95	35
78	71	76
62	17	68
78	12	24
48	89	37
74	62	38
26	73	68
91	86	99
15	71	79
79	14	44
25	77	11
93	65	12
79	29	80
88	36	84
20	93	46
42	74	61
18	72	10
55	60	70
99	76	88
28	80	63
97	85	49
10	58	35
43	24	94
70	44	97
94	94	49
96	72	64
33	54	57
32	84	46
92	66	38
37	24	66
10	45	98
63	93	33
71	93	45
40	34	46
13	32	23
33	20	68
56	96	96
84	77	84
68	73	22
23	95	35
65	77	22
58	63	68
75	94	79
43	36	74
67	84	70
18	47	46
27	10	11
84	23	61
93	44	49
84	15	46
11	12	76
50	85	68
42	40	57
94	86	47
63	28	85
75	33	83
96	62	83
35	16	24
75	83	70
88	88	22
77	24	75
39	15	29
58	34	78
83	50	36
95	48	96
22	10	36
77	83	27
34	48	52
91	86	65
81	77	35
17	32	11
81	57	14
80	37	20
84	17	80
95	99	94
37	35	81
94	45	82
74	90	66
94	96	49
54	89	69
45	93	93
21	71	96
46	72	11
12	85	70
67	85	12
54	30	65
21	55	28
33	86	87
13	17	84
31	10	15
66	88	58
42	39	40
18	42	89
18	92	27
93	89	22
17	66	68
70	55	96
53	40	98
93	99	22
78	93	81
12	16	31
24	46	75
37	16	66
66	59	18
98	38	53
66	47	50
50	67	43
64	79	38
51	25	17
79	68	10
75	46	73
61	31	62
65	27	91
57	64	23
72	50	39
89	56	80
29	67	25
82	85	95
13	93	76
43	36	62
20	42	62
68	14	52
23	48	13
27	84	53
60	44	36
90	88	79
25	97	73
56	88	52
67	24	27
30	19	56
94	64	11
45	50	66
35	29	81
21	79	62
26	90	35
96	10	61
31	29	78
75	76	26
89	91	21
65	74	68
75	64	24
61	67	18
11	17	50
20	26	89
57	58	52
17	44	60
39	61	92
34	45	36
21	34	59
36	81	57
67	53	90
34	90	72
10	26	28
94	44	44
91	64	74
85	44	19
76	45	70
53	78	57
89	34	72
25	17	10
86	10	18
48	11	57
71	51	67
76	98	32
69	92	94
58	86	72
76	29	14
47	41	83
27	21	19
36	37	68
31	38	61
66	53	45
47	99	59
48	84	21
30	14	64
68	78	87
27	93	83
24	41	41
10	35	29
50	28	20
12	81	15
37	53	26
64	11	56
82	50	23
11	10	93
75	44	48
14	80	49
28	45	91
63	26	65
33	95	44
68	58	30
34	98	12
66	62	59
81	97	34
54	59	66
93	85	74
57	89	34
51	97	58
72	52	72
94	68	34
80	44	95
38	37	26
81	30	46
71	17	81
28	82	43
39	94	59
21	65	98
50	94	78
19	62	23
94	68	95
73	79	94
89	34	43
32	73	95
90	51	23
91	49	98
37	62	99
69	22	78
49	86	65
48	72	51
16	29	61
15	17	69
38	93	94
84	40	52
88	14	56
55	56	71
90	62	61
38	25	97
34	82	49
82	37	87
71	27	34
69	53	25
58	71	74
41	40	74
63	81	25
92	20	65
68	96	18
44	71	29
28	26	81
53	74	12
87	67	11
64	45	55
31	10	55
83	28	78
80	90	10
73	42	29
43	20	85
82	17	24
91	31	66
59	99	56
37	66	65
92	69	64
14	75	22
48	47	25
78	22	86
93	50	54
88	85	76
44	95	57
76	19	41
32	49	72
72	42	53
70	90	87
25	94	27
17	81	23
22	75	94
31	61	48
88	62	95
58	38	18
31	60	29
42	73	58
47	52	77
51	32	50
10	27	64
64	38	23
55	34	96
39	55	93
12	19	36
94	57	20
70	64	85
22	61	44
67	81	88
63	46	37
10	96	23
51	87	47
95	90	89
14	50	31
44	62	12
83	93	31
73	79	37
93	12	77
22	25	29
38	67	10
55	85	23
33	56	72
21	22	69
42	33	46
96	53	69
72	33	54
79	67	41
71	73	27
31	31	32
87	90	67
52	15	81
64	35	42
23	56	18
38	26	55
36	87	86
83	31	45
59	98	70
63	64	80
12	63	94
81	42	74
54	36	42
86	52	17
75	90	55
44	51	61
50	65	45
50	36	20
29	66	91
39	89	85
10	65	28
53	33	21
82	74	39
21	27	38
25	85	31
75	53	72
75	82	32
35	78	70
99	52	38
75	58	94
23	12	28
18	32	96
86	14	78
28	62	67
61	85	73
18	99	80
85	77	77
95	49	53
99	68	96
27	38	99
87	89	85
94	34	19
82	22	88
17	84	64
82	43	28
71	46	91
46	87	40
66	75	68
84	45	10
13	74	70
47	36	14
98	65	57
27	62	71
64	45	41
55	16	22
91	83	34
80	41	85
84	84	36
46	72	73
87	53	20
78	46	79
53	11	72
98	68	84
37	39	50
40	19	59
51	25	59
58	33	36
85	92	99
98	45	62
64	66	44
40	16	18
41	68	81
74	21	59
65	53	42
35	91	53
67	19	95
22	92	56
55	70	60
20	69	64
35	95	74
13	74	91
95	68	82
87	19	51
50	25	19
29	51	42
94	56	35
51	19	47
93	54	84
57	26	25
79	92	13
59	71	11
69	78	70
95	52	58
75	35	44
14	87	55
72	45	47
13	36	66
75	27	17
25	82	68
82	89	41
47	59	18
79	13	44
83	32	84
68	34	96
76	66	44
66	91	17
17	50	43
65	51	29
25	12	95
55	18	35
13	48	82
65	88	72
14	10	81
49	75	96
46	18	53
79	77	27
23	39	11
79	20	76
41	66	17
69	21	18
77	48	34
83	87	87
66	56	58
29	62	18
23	96	60
94	53	51
11	13	37
60	26	66
79	97	50
58	28	38
63	20	45
59	23	99
42	44	18
40	78	69
55	24	59
37	11	71
24	58	51
65	39	43
36	37	69
32	68	34
64	30	35
41	68	92
60	70	85
52	78	43
49	73	69
66	60	40
26	28	18
14	44	39
32	71	59
67	88	28
24	58	58
31	24	81
51	93	39
13	37	65
10	78	91
57	40	86
66	26	38
73	49	86
39	50	61
96	73	26
21	65	27
63	26	50
17	15	65
73	80	39
46	28	83
92	94	78
73	30	45
55	80	68
19	94	11
93	60	60
43	76	34
73	63	57
62	65	30
71	90	81
66	32	51
59	76	86
62	95	29
27	83	69
35	21	78
47	85	77
15	15	81
40	87	87
11	26	25
48	59	38
61	70	11
19	33	41
13	22	71
15	67	54
10	87	41
15	97	67
61	52	55
39	25	36
27	45	55
34	24	62
95	97	54
85	54	42
23	75	45
76	47	91
89	82	16
26	52	42
85	15	18
92	66	10
53	59	57
93	46	22
82	87	74
62	48	30
51	47	94
22	56	18
42	30	66
83	94	78
90	74	73
42	53	36
27	37	13
18	48	30
83	60	56
20	70	43
96	87	69
19	27	32
49	31	26
59	24	28
58	45	62
45	61	88
38	35	87
38	22	20
74	77	63
66	79	32
40	46	22
61	58	95
83	53	95
32	20	79
25	90	90
86	74	45
82	19	46
69	94	24
32	89	84
91	70	79
32	14	41
57	48	15
18	88	26
77	24	59
79	50	49
88	10	94
31	75	90
25	48	50
42	96	65
55	78	58
35	41	97
86	26	42
44	61	51
24	68	76
73	52	64
84	10	85
57	57	35
60	48	33
46	65	61
36	90	79
17	30	65
27	44	51
37	39	84
34	94	55
81	11	25
96	64	76
34	38	61
92	47	33
58	83	88
12	35	16
56	83	36
20	52	84
84	58	75
94	49	87
92	87	53
94	61	47
84	89	34
69	94	83
51	70	11
62	94	46
34	52	12
46	17	44
85	27	41
37	24	45
39	36	28
42	76	68
23	20	14
19	89	35
29	94	79
87	85	25
60	13	36
27	68	72
53	40	50
50	81	68
55	90	44
34	60	60
12	63	21
33	77	98
39	67	10
35	82	27
88	74	16
44	30	60
19	73	51
66	16	19
72	95	50
66	12	29
34	51	94
62	44	33
20	30	11
48	12	49
48	20	66
99	37	53
79	72	68
48	75	22
29	34	48
84	96	36
53	57	28
77	61	54
50	18	85
71	91	57
71	39	86
40	69	96
74	79	44
44	71	87
65	67	31
18	60	56
60	24	87
24	67	51
61	43	40
55	93	38
88	99	58
44	80	21
38	40	50
82	73	78
15	46	76
20	51	20
11	44	66
42	34	68
74	39	57
83	56	58
38	25	78
73	21	31
14	79	56
16	30	92
60	15	24
83	36	44
11	82	91
99	16	19
11	26	35
35	33	43
22	10	31
90	81	55
41	26	48
62	72	32
66	89	95
35	73	31
19	99	64
75	82	31
99	15	66
97	25	12
41	67	31
77	28	32
53	53	36
82	78	99
48	20	96
43	73	73
21	28	86
59	16	36
82	69	47
42	67	15
22	55	54
32	51	59
97	58	57
97	24	24
53	75	91
85	13	45
55	42	85
79	89	47
21	17	63
21	49	53
30	82	42
80	16	32
17	79	24
46	11	33
23	93	70
37	97	96
43	11	34
40	36	90
62	22	99
89	28	78
70	30	28
91	48	55
41	60	95
99	23	16
58	59	71
77	40	26
98	21	94
30	75	27
66	23	59
56	18	78
98	57	48
71	74	79
97	78	32
92	15	91
25	91	78
52	14	95
31	65	63
54	69	41
67	90	50
16	31	60
79	54	40
14	93	32
94	47	37
45	26	97
15	84	37
15	14	10
11	93	24
28	48	13
36	59	78
25	93	51
51	59	64
56	14	40
78	51	63
87	13	98
28	87	54
59	41	62
93	86	71
10	32	39
68	97	48
30	36	69
23	19	64
17	10	97
76	69	59
36	86	71
84	92	20
70	42	41
64	54	72
23	85	92
75	64	42
46	33	51
22	11	66
30	71	11
32	23	87
90	33	27
53	50	98
94	30	61
42	93	12
46	14	12
86	50	10
78	46	58
64	23	23
12	16	24
93	52	78
98	13	77
51	12	45
77	77	62
83	35	54
69	80	94
63	99	34
19	85	89
47	72	56
85	60	92
14	12	64
22	56	97
53	25	58
66	10	47
35	75	86
58	56	91
14	29	60
53	34	69
90	31	52
85	38	12
79	88	65
98	79	55
98	74	34
38	94	50
84	76	71
42	96	32
47	22	20
78	52	14
24	51	29
98	70	40
69	91	86
61	66	33
41	74	43
12	95	31
77	76	32
49	22	53
32	93	76
28	38	98
58	31	20
86	64	81
83	16	84
32	75	87
41	88	38
86	57	63
60	84	58
90	81	75
29	40	27
23	15	36
28	17	92
79	17	13
57	67	32
96	34	36
69	66	55
65	10	68
48	12	10
81	80	39
91	74	35
98	18	52
81	60	72
17	22	80
75	86	60
77	82	59
92	13	12
33	75	24
28	70	63
36	32	56
66	28	52
92	37	51
67	25	19
90	12	85
82	58	90
18	47	28
96	25	58
76	32	60
89	69	78
83	83	89
12	40	70
27	25	72
60	41	31
48	63	35
33	52	66
56	23	53
98	36	86
71	10	24
13	98	12
51	25	16
59	80	15
20	91	75
92	62	40
84	86	31
54	32	81
75	48	35
17	93	33
99	62	87
19	13	28
42	49	23
99	99	30
67	52	40
88	89	72
48	96	11
43	23	49
67	69	29
88	51	81
73	30	80
92	99	24
33	51	45
17	78	49
52	88	72
99	61	67
31	61	26
78	64	92
15	40	40
64	64	27
49	80	24
12	69	33
40	89	15
25	67	95
46	99	12
65	17	74
12	97	98
18	35	87
73	47	69
37	27	64
97	92	17
54	11	13
15	80	61
10	73	46
70	70	33
79	72	65
46	93	32
67	32	96
39	74	22
22	16	96
45	73	56
68	45	77
44	92	76
25	69	39
93	29	92
52	22	53
81	24	60
97	47	68
58	95	86
38	56	29
45	87	65
29	60	25
70	99	73
32	93	56
70	22	32
38	19	35
97	97	77
44	52	88
92	51	85
53	33	25
75	67	56
58	31	30
19	17	11
78	35	20
57	86	38
55	78	99
28	91	63
40	29	85
65	23	69
17	13	48
78	79	15
91	53	79
78	99	36
66	83	52
88	57	35
23	93	83
58	85	86
16	95	62
92	65	89
22	79	62
69	47	21
96	38	50
86	38	67
91	33	24
26	42	43
54	18	38
81	92	52
59	84	72
72	13	64
83	57	92
41	41	17
40	16	47
38	54	22
53	86	91
19	52	69
56	63	12
20	65	90
71	99	68
67	42	97
13	65	21
85	80	19
79	35	64
46	69	16
60	56	45
93	29	57
55	27	42
61	82	63
53	36	46
46	42	42
38	36	85
40	41	94
27	45	10
97	67	45
80	31	82
22	60	87
92	72	48
39	60	63
84	95	40
54	37	74
44	87	40
22	31	26
92	38	67
27	57	11
35	62	59
32	75	55
91	47	91
44	13	88
82	20	64
33	48	85
30	50	23
77	77	14
52	30	80
34	48	14
89	61	21
89	42	13
38	66	85
84	63	60
61	70	60
82	42	58
46	83	79
56	34	62
70	14	14
13	79	39
73	76	40
73	60	90
57	16	11
19	78	50
90	95	71
91	80	22
83	33	80
10	54	74
97	62	45
15	20	87
35	43	49
51	23	58
43	11	95
13	80	76
49	95	24
98	65	89
41	44	79
40	19	49
60	19	20
82	63	45
24	10	14
27	82	43
70	45	77
81	63	48
87	60	90
66	97	38
33	77	81
70	62	66
99	78	32
59	13	69
14	40	95
51	50	67
54	26	52
91	86	81
53	32	18
48	69	11
37	69	60
47	21	84
10	10	70
49	51	72
10	35	44
58	46	19
88	12	57
28	94	67
46	40	98
36	84	12
45	47	72
75	43	53
14	31	34
28	80	92
85	81	78
83	75	14
22	31	85
39	15	64
55	87	11
62	42	54
47	32	94
97	54	77
67	44	13
71	16	24
36	76	23
80	45	91
47	57	19
63	90	67
77	58	56
66	13	20
95	42	60
87	42	27
77	92	26
93	54	95
54	81	48
57	63	71
45	96	62
72	55	63
28	63	93
48	34	16
56	15	18
33	59	69
47	58	40
29	76	12
70	52	15
97	38	77
55	70	76
23	22	96
65	46	26
63	20	41
29	35	17
11	92	36
74	18	84
59	91	85
16	17	14
24	48	19
88	69	95
64	12	14
86	43	13
63	55	57
71	82	14
79	57	85
70	61	37
59	25	81
83	29	76
83	92	39
17	75	42
47	37	64
13	44	51
20	12	13
95	90	54
64	45	79
82	54	66
62	45	99
38	16	73
30	37	58
23	68	15
82	54	27
59	98	87
42	83	48
23	22	22
20	70	51
71	38	94
74	60	35
65	44	82
79	51	64
46	84	66
57	93	56
51	46	97
86	37	13
78	44	87
19	75	31
80	45	10
44	12	34
13	12	21
17	29	71
46	17	82
88	80	75
59	58	21
99	24	81
81	56	52
62	57	40
76	58	47
95	49	55
88	18	14
35	61	92
68	91	46
13	62	60
86	60	11
76	76	61
37	91	82
20	23	99
76	33	38
12	14	88
59	37	70
97	36	47
73	57	79
23	39	29
44	23	64
92	63	94
95	49	60
28	56	20
19	23	97
34	91	97
69	55	44
96	87	18
31	38	13
21	53	89
93	82	49
23	37	79
30	56	24
62	84	68
90	12	29
54	99	70
93	95	94
45	63	28
44	67	66
83	25	70
13	99	26
29	87	59
23	14	83
26	81	77
32	94	11
80	97	75
12	18	75
61	34	98
94	10	49
93	33	40
32	31	36
89	59	88
10	10	68
20	26	41
88	34	63
28	89	86
73	61	74
64	55	28
59	92	28
24	15	79
40	82	53
70	89	78
76	19	15
64	16	67
27	38	95
87	67	42
97	60	98
66	62	10
60	39	29
44	12	60
87	24	84
14	39	66
77	30	50
37	29	69
19	90	54
75	43	95
66	23	10
50	71	66
71	58	72
87	36	72
33	14	55
58	21	47
10	26	71
57	39	20
47	59	44
12	42	23
61	40	10
15	67	63
82	52	49
59	20	58
11	73	58
19	18	10
77	44	55
96	39	79
85	94	87
34	75	95
71	78	21
31	46	97
15	43	36
63	74	39
83	17	29
52	56	70
90	83	58
65	14	81
22	18	69
86	85	94
94	42	28
24	35	75
34	95	74
52	72	61
53	12	41
47	25	17
35	47	77
18	96	41
11	24	28
14	78	75
82	90	12
20	27	16
70	63	30
47	10	90
91	30	92
74	62	84
22	13	86
28	22	17
59	18	21
80	34	41
91	12	39
59	31	21
14	16	59
34	65	83
60	72	12
82	91	85
17	72	16
12	22	25
67	62	44
28	86	21
14	58	47
64	11	46
14	92	53
99	36	64
64	45	36
11	10	89
15	34	59
33	12	89
57	21	42
70	48	30
77	65	29
65	33	11
19	18	82
53	19	36
10	53	87
73	57	89
48	91	95
58	25	86
33	94	79
55	84	20
68	10	39
39	82	85
82	40	51
88	68	78
94	67	98
91	34	27
25	65	90
75	96	15
57	78	69
73	84	82
44	86	67
66	71	60
59	22	57
83	79	61
17	91	88
44	14	26
71	11	85
73	19	83
12	66	37
56	73	16
14	91	87
80	76	72
51	28	77
52	31	83
72	51	49
26	44	45
83	58	32
85	38	56
10	70	26
44	62	63
68	32	64
49	73	31
88	11	74
47	53	67
89	44	63
23	87	68
64	44	39
67	76	30
17	52	32
92	27	44
98	45	60
61	46	68
19	92	38
81	18	56
41	96	90
92	40	52
13	45	28
65	60	43
96	82	57
50	80	34
19	45	66
20	24	14
76	77	85
78	23	36
44	22	80
82	14	66
11	86	18
23	11	44
35	89	74
22	43	42
49	73	22
71	96	22
76	86	11
88	10	54
57	45	47
87	46	95
10	70	45
53	41	22
94	72	28
70	77	43
78	24	79
17	86	84
90	33	85
90	94	64
74	25	92
28	45	78
86	73	91
71	41	71
55	30	60
81	31	18
94	72	81
47	27	12
45	54	76
61	85	85
96	45	28
37	96	97
67	39	66
83	94	26
59	17	10
86	28	56
51	66	97
84	25	73
29	49	59
77	35	70
65	46	92
16	34	38
68	34	41
69	84	59
35	56	31
46	93	16
84	99	70
82	45	68
24	94	35
64	29	61
89	79	98
59	57	77
14	13	53
92	68	73
76	80	68
29	42	87
61	42	20
45	51	95
56	53	50
16	28	77
79	99	16
40	99	33
20	22	96
34	26	87
50	22	40
28	67	90
92	29	75
67	37	29
12	70	83
47	27	58
74	81	68
28	18	20
81	51	18
72	82	16
15	59	34
61	47	19
93	87	28
98	24	67
39	71	56
13	81	29
40	93	24
53	89	34
90	56	49
89	69	78
52	58	83
49	58	57
97	58	97
91	31	42
16	87	71
78	78	13
74	64	45
50	36	71
34	46	60
11	46	10
23	86	37
98	13	79
97	58	74
52	18	24
96	48	16
93	51	71
25	47	53
82	43	91
81	19	48
56	12	84
70	28	36
24	70	19
69	29	32
87	87	88
35	86	65
52	99	32
26	31	94
94	53	10
19	98	84
39	24	69
15	33	49
45	28	75
15	49	30
88	97	26
22	31	84
28	67	39
89	39	52
94	10	69
17	28	79
52	13	82
78	82	34
73	18	65
19	25	61
55	20	95
81	76	36
58	36	59
34	48	82
47	86	22
65	40	39
41	21	42
42	29	66
16	33	49
40	22	23
94	26	69
70	83	79
88	60	27
88	55	40
97	87	19
47	27	98
53	38	32
72	16	59
80	53	47
48	88	29
96	65	66
54	86	12
29	45	19
22	55	67
68	70	49
27	19	54
99	31	31
20	63	84
68	37	24
48	99	75
88	81	41
62	85	44
63	41	24
32	29	98
82	94	32
20	51	94
75	83	55
45	30	73
75	18	90
78	25	50
91	68	38
42	88	40
77	62	93
66	95	49
28	45	94
63	69	19
99	56	11
16	21	84
99	50	24
69	52	60
83	46	27
12	56	42
46	28	75
26	91	44
22	91	18
47	57	45
82	43	38
91	54	30
90	24	45
28	69	33
74	26	50
40	54	85
67	47	67
86	44	46
35	67	44
68	61	59
21	43	14
95	81	66
91	59	78
40	26	54
52	94	69
93	15	94
26	41	12
36	47	26
68	24	17
21	63	49
65	47	33
71	61	59
50	57	16
97	12	84
41	62	36
29	73	12
22	85	78
33	70	42
11	73	50
80	96	60
61	11	74
89	18	88
68	83	19
16	10	93
28	51	60
71	74	46
23	49	22
28	49	11
81	70	39
30	83	73
77	81	82
95	84	83
48	45	40
27	57	73
40	30	74
50	73	67
87	64	44
14	93	71
94	62	58
82	80	37
63	27	79
28	56	63
78	34	57
54	92	68
86	20	56
93	95	39
36	31	79
65	77	96
87	89	19
51	32	69
81	56	59
34	84	44
67	38	85
93	86	72
60	12	32
17	40	33
25	87	79
88	23	90
77	18	22
83	76	44
26	98	36
79	14	91
16	25	77
56	34	25
45	12	40
51	64	87
15	57	77
84	24	59
11	26	86
53	89	84
39	27	68
80	24	53
78	57	37
66	91	98
30	16	87
58	19	52
72	20	27
30	92	21
13	42	50
64	67	57
69	33	51
72	97	41
72	91	58
96	62	63
37	74	25
79	36	81
48	54	29
75	15	33
32	59	70
85	51	37
79	13	66
52	19	43
21	44	91
49	97	98
40	42	36
98	50	89
23	31	62
83	77	26
46	16	17
72	77	13
39	48	83
94	31	69
40	77	44
30	82	88
82	16	25
94	82	44
39	36	43
53	36	37
61	45	34
15	84	55
17	77	55
77	22	79
36	73	93
40	31	34
24	39	73
59	74	84
35	57	10
16	89	95
54	80	13
80	97	12
10	78	60
44	37	67
94	94	89
40	24	37
67	23	65
41	22	78
55	82	98
95	52	19
66	65	74
48	78	24
84	79	77
55	94	57
92	18	22
54	64	62
58	98	67
95	23	62
42	70	12
59	65	94
32	49	20
26	87	83
51	36	53
85	27	73
44	68	80
51	67	48
34	67	51
74	69	66
68	93	48
59	32	79
46	45	84
26	97	53
32	94	47
68	45	14
21	97	20
52	51	28
92	85	52
18	99	59
60	69	67
25	35	74
50	47	61
71	17	85
97	48	73
79	61	53
13	79	30
47	95	99
79	44	67
96	15	79
86	58	91
28	28	11
79	55	31
53	27	56
71	66	93
45	41	45
96	84	15
45	46	91
29	28	24
68	23	97
76	62	26
48	53	63
83	90	64
36	46	19
41	36	57
89	21	83
49	45	29
76	29	41
70	40	94
83	38	32
75	91	94
71	30	41
47	88	66
87	32	15
87	18	49
76	23	80
67	40	98
72	92	74
67	47	51
88	18	52
61	36	84
83	10	67
75	23	59
28	72	99
75	59	28
20	35	14
71	78	23
29	33	51
61	80	47
50	50	70
60	22	33
96	49	61
47	31	61
62	89	52
31	66	80
24	26	29
57	94	95
14	90	88
59	53	10
71	21	95
70	52	52
38	74	98
26	87	64
50	42	63
61	27	55
18	35	30
29	29	23
28	55	19
20	10	19
64	59	60
65	86	40
78	29	10
15	43	44
13	83	31
24	73	84
44	42	24
65	18	82
53	97	32
29	82	57
20	18	75
18	90	15
13	24	84
89	39	39
13	56	12
96	81	35
85	20	72
40	36	43
97	72	53
80	20	55
92	74	69
24	33	19
87	95	72
57	96	13
80	69	18
46	80	38
20	36	69
59	36	65
37	91	97
47	58	82
60	56	23
39	41	37
49	37	15
24	22	38
18	95	49
31	17	46
74	52	71
83	52	22
54	98	48
21	39	81
37	45	63
44	65	44
16	25	75
32	73	28
29	72	26
89	13	10
80	10	60
76	39	18
46	32	88
47	36	12
23	69	99
25	97	76
11	93	77
97	83	47
93	58	88
22	13	72
49	81	26
22	77	64
61	10	28
54	18	18
12	26	12
18	82	32
73	38	19
92	13	16
47	77	98
53	93	45
67	33	42
29	98	60
16	47	87
65	64	99
82	58	18
84	98	76
74	10	84
15	56	33
80	35	13
80	61	24
84	86	26
57	48	72
96	34	20
18	49	56
64	48	85
47	64	68
19	70	19
25	56	65
82	41	68
69	63	74
93	96	81
14	66	85
37	42	30
88	91	74
96	25	94
56	13	10
54	35	77
11	20	66
12	45	46
34	76	43
15	99	70
98	37	45
53	84	47
21	73	91
47	81	35
62	56	78
22	99	38
46	69	74
52	94	43
59	11	86
54	26	49
99	50	37
20	69	26
12	90	38
92	56	29
46	88	55
52	11	42
69	67	18
64	97	37
28	26	10
17	48	23
59	93	53
48	16	36
56	23	75
60	63	87
93	65	45
48	85	21
73	69	65
86	35	57
24	83	42
31	99	77
34	86	76
67	55	53
56	51	74
86	98	42
24	53	41
86	89	47
73	36	64
43	86	43
35	46	55
34	16	47
28	85	47
23	95	27
55	24	25
63	15	86
51	36	24
58	99	71
62	63	44
35	72	65
48	68	50
30	59	46
86	16	95
48	22	32
65	40	93
12	94	22
73	84	15
30	22	74
87	43	52
17	80	64
63	53	43
55	67	82
93	68	73
52	97	89
36	61	55
92	82	49
79	94	29
78	20	64
86	65	60
22	77	82
57	61	59
28	91	10
29	19	85
27	22	71
38	71	79
70	83	42
12	22	57
86	44	18
67	71	76
21	12	28
95	46	93
47	71	46
74	91	56
95	34	12
74	47	69
72	97	12
85	43	36
55	36	35
22	42	36
12	29	10
25	16	56
38	13	58
11	10	77
29	78	37
98	26	19
66	39	13
77	51	33
16	33	91
25	58	52
29	92	67
33	79	56
79	37	16
45	15	73
87	37	33
51	26	37
41	21	66
78	57	51
86	22	16
97	90	38
96	18	81
15	34	40
41	96	62
95	63	38
52	20	68
27	57	16
78	59	19
95	40	75
94	57	56
85	48	30
67	16	48
49	29	29
64	91	16
72	27	23
21	45	10
25	13	11
90	99	66
20	80	36
93	38	18
51	67	88
16	86	66
97	90	46
42	50	44
95	55	93
62	65	83
71	10	60
47	57	46
44	82	24
50	39	28
30	25	88
99	76	50
70	37	44
48	75	41
86	16	98
94	62	44
59	80	40
28	98	71
23	87	90
79	29	88
55	65	24
93	77	21
63	50	92
20	13	15
92	64	24
15	33	86
49	61	14
96	34	57
72	68	66
75	64	68
90	26	22
54	40	89
77	27	77
42	52	96
44	26	16
37	64	27
76	84	98
14	63	41
17	44	22
34	95	34
21	49	52
32	80	44
91	19	50
11	77	55
35	29	54
78	73	50
41	71	56
41	46	55
81	68	87
27	22	84
94	62	22
89	87	41
73	14	62
98	87	40
83	34	38
78	25	52
42	82	68
51	52	87
41	62	47
40	87	52
98	53	50
43	35	83
72	25	83
46	23	89
88	52	53
93	94	74
51	56	46
49	17	29
63	76	81
98	22	21
46	76	37
89	80	89
60	63	49
32	12	72
94	35	26
89	96	89
35	85	38
78	42	54
82	68	34
14	36	34
70	81	83
10	37	82
58	66	58
67	44	71
56	99	54
43	50	73
28	34	82
52	59	27
73	94	18
48	29	28
90	23	42
23	29	30
95	17	61
70	55	76
14	94	21
29	32	38
58	27	26
18	61	51
51	74	83
33	34	54
45	96	48
36	92	37
20	94	74
88	93	54
16	12	76
94	77	54
84	18	74
11	15	44
63	91	75
63	71	46
96	58	50
37	59	50
37	51	50
81	76	16
98	78	83
37	51	77
32	82	69
59	77	77
22	37	57
28	71	77
93	14	77
19	37	51
20	79	34
55	25	81
38	60	46
83	52	48
19	72	76
78	25	67
38	23	31
47	92	91
84	69	42
98	73	62
85	41	86
87	73	58
45	44	16
14	89	50
15	54	47
47	42	80
85	16	90
96	71	29
52	36	50
21	69	68
43	38	71
18	45	95
34	60	30
66	81	37
78	86	76
68	94	63
76	79	47
36	14	33
66	13	80
17	46	97
57	76	68
19	73	10
67	67	48
19	83	87
44	42	15
77	81	59
20	48	43
38	31	43
72	43	96
76	65	23
89	69	39
96	25	67
87	59	33
22	80	41
45	55	95
32	46	61
34	80	47
62	20	88
29	42	45
88	31	34
50	13	74
71	25	20
10	95	96
73	52	96
45	83	19
91	16	10
53	85	12
22	64	23
50	55	52
20	71	68
10	83	37
65	88	54
30	17	28
17	32	39
93	72	84
99	48	25
39	41	91
79	39	50
75	90	60
72	47	19
60	61	97
14	70	45
45	93	67
84	66	22
58	84	67
73	96	77
42	89	43
44	18	89
32	58	56
15	64	21
51	59	64
61	67	69
24	98	66
24	77	89
85	84	62
89	75	51
12	98	84
94	43	36
94	18	86
71	36	73
38	70	82
62	69	27
18	29	76
45	32	90
48	78	53
51	44	77
79	87	94
93	40	64
40	62	52
88	89	40
53	79	78
81	80	76
12	49	51
19	94	70
81	27	57
70	66	12
64	70	81
77	84	70
45	40	18
14	77	73
64	50	24
87	64	73
40	36	12
69	49	47
12	87	59
81	48	32
85	82	73
92	89	85
54	85	67
87	22	31
80	13	58
54	81	17
14	25	23
93	82	56
49	93	62
45	10	92
76	40	82
75	78	31
16	41	30
77	64	44
67	90	52
91	53	75
50	36	15
78	72	95
71	97	35
75	29	33
25	42	71
68	75	82
34	23	94
41	31	29
75	50	31
71	84	14
56	10	70
36	83	20
97	43	57
46	91	32
61	70	54
30	21	27
50	42	39
50	19	25
13	77	47
44	18	13
96	79	61
80	14	51
52	39	86
49	19	45
23	10	81
49	70	80
52	85	51
75	11	94
68	35	76
66	49	66
42	45	55
83	82	66
84	64	25
15	30	94
80	98	19
21	58	30
39	45	12
83	50	67
32	20	31
71	36	17
21	96	83
45	44	23
92	84	21
22	84	63
27	91	46
73	31	61
64	55	22
37	71	71
95	99	11
37	87	13
62	85	78
71	89	60
71	46	52
55	69	86
16	85	13
73	90	22
98	52	90
10	42	28
79	37	86
63	99	29
15	57	87
31	57	70
12	65	50
97	89	77
96	96	81
71	13	58
76	71	93
18	19	22
27	68	82
40	91	25
78	78	86
62	14	80
60	56	34
65	15	31
91	35	66
39	91	77
40	98	31
51	31	36
73	19	57
67	43	47
57	97	71
72	26	10
72	85	82
60	59	22
51	49	27
22	31	72
34	41	45
74	15	87
79	74	73
23	43	94
47	52	35
62	73	95
35	61	19
41	44	85
19	24	13
61	11	87
97	89	13
50	90	84
55	58	34
23	99	72
49	37	80
96	61	94
20	59	74
73	11	81
22	99	99
72	17	52
30	62	47
21	38	31
92	76	78
28	24	97
73	42	14
41	45	26
87	48	39
87	22	56
73	72	71
31	46	49
45	64	97
91	87	65
83	88	77
82	56	41
68	47	78
32	38	30
17	99	91
52	32	91
59	62	89
64	19	46
53	33	20
32	69	22
36	82	41
41	24	66
33	42	58
90	45	32
64	10	34
34	14	38
42	63	10
50	73	77
71	97	10
40	23	13
91	19	90
79	87	45
23	15	19
87	84	75
41	67	99
59	78	86
80	34	99
43	85	59
17	34	35
41	83	68
86	61	92
54	31	13
43	45	49
73	96	98
22	16	91
89	17	79
36	22	61
40	57	60
17	50	17
37	73	60
19	96	58
73	15	80
82	26	77
10	71	79
96	78	38
87	75	16
23	48	23
60	30	37
46	21	25
37	95	78
73	38	30
79	62	95
34	16	20
81	46	95
77	34	71
89	40	79
83	52	33
19	77	66
73	89	87
34	42	66
87	76	62
52	84	14
12	17	72
89	31	47
53	26	50
11	12	14
85	30	94
79	28	92
13	88	18
93	47	58
89	54	54
53	20	17
78	63	44
61	33	35
71	57	63
73	52	32
95	26	56
55	14	51
79	25	81
18	20	84
40	96	38
33	36	61
33	30	38
43	42	19
61	20	96
91	48	40
98	41	16
20	95	36
81	78	82
43	57	64
79	39	13
71	91	47
59	97	74
23	75	73
90	20	42
87	94	25
65	97	46
63	63	35
70	63	91
21	39	64
65	69	96
33	43	17
52	61	32
57	33	93
77	50	25
48	81	49
79	62	34
60	13	99
22	57	86
60	42	75
62	24	53
62	51	29
30	74	30
97	84	38
11	95	97
57	61	10
87	55	68
52	51	54
92	59	78
14	20	49
77	92	48
84	33	93
65	76	82
99	91	71
24	14	16
22	65	16
36	60	60
98	59	46
86	30	47
10	64	46
11	34	18
94	78	89
57	68	72
35	30	58
66	22	76
83	58	20
66	91	36
20	55	54
16	90	38
37	38	49
97	40	97
51	59	93
52	25	52
38	54	92
94	67	80
94	34	61
26	23	96
26	89	75
66	13	69
49	82	50
13	21	86
48	27	41
89	41	71
19	40	66
11	54	24
61	46	93
53	59	67
28	92	19
81	37	94
38	23	99
97	47	69
64	40	14
59	56	41
42	95	79
29	61	73
11	19	69
17	50	48
47	74	94
17	10	61
90	63	11
20	92	93
90	75	89
67	43	98
69	72	26
29	66	36
52	35	44
64	80	36
34	90	53
63	44	43
19	43	44
46	15	94
30	46	61
12	82	96
97	83	97
89	32	16
89	84	62
98	18	86
35	18	14
88	61	66
77	14	91
99	84	56
77	10	44
50	76	99
25	32	37
71	38	41
13	74	78
78	33	11
93	65	28
74	48	88
69	48	85
60	62	76
92	65	63
27	69	96
50	65	67
18	11	92
45	29	28
17	19	45
54	40	91
87	47	74
24	42	90
56	14	76
16	37	94
66	88	53
73	44	43
56	66	78
48	50	86
98	71	94
35	54	70
56	86	12
97	34	88
58	69	45
16	30	21
33	50	21
61	33	36
32	37	44
59	80	11
14	56	11
79	37	98
54	49	58
92	98	34
67	43	59
14	19	33
74	97	69
31	55	81
68	58	65
87	17	87
59	84	78
95	56	53
96	60	30
73	71	81
84	73	69
71	44	21
55	95	47
93	47	53
78	61	84
10	98	79
64	81	18
93	88	56
77	44	21
81	64	66
28	59	91
98	37	83
79	49	66
33	59	93
81	70	47
62	99	86
83	33	80
42	12	22
31	33	84
65	80	32
33	40	65
81	67	27
87	78	50
91	16	87
55	36	96
28	65	19
52	93	30
60	72	76
92	55	23
29	87	24
42	86	25
14	29	34
96	59	93
35	75	12
21	81	47
18	33	72
43	34	97
33	91	53
87	13	84
47	43	92
99	13	18
28	51	69
99	78	68
60	71	49
70	94	35
54	82	63
87	81	41
38	40	88
25	52	29
60	17	81
68	50	53
76	98	82
23	66	91
58	73	15
18	52	86
52	11	97
26	45	43
87	63	95
39	44	15
34	76	28
43	46	75
62	16	33
47	12	35
32	91	19
26	47	55
94	63	17
60	57	40
95	88	53
79	27	78
19	28	29
86	80	87
23	41	30
57	71	61
63	83	84
30	30	18
15	30	60
93	30	60
52	31	45
23	71	99
67	85	98
61	19	11
18	21	29
39	79	98
68	85	32
77	75	68
33	59	57
46	56	75
15	63	47
38	27	62
88	30	65
93	42	19
40	26	50
87	94	34
97	58	44
68	50	84
80	61	25
86	65	61
93	50	86
98	94	36
88	31	75
23	98	31
25	64	47
47	62	24
86	77	46
82	40	16
41	63	83
54	36	84
64	20	44
82	59	73
18	73	84
98	92	60
90	61	80
22	27	79
70	77	95
36	30	39
55	48	78
88	36	67
59	34	38
51	57	88
21	21	97
15	38	52
21	78	48
59	27	34
60	52	22
14	94	44
72	68	87
20	36	80
11	29	27
33	26	14
84	19	12
87	24	97
40	61	34
83	98	83
21	11	84
36	32	13
62	64	33
96	90	60
83	45	45
57	76	99
47	31	22
40	66	66
25	65	17
68	85	10
24	57	29
61	75	56
85	56	80
85	66	88
60	91	23
28	49	38
24	87	97
87	47	59
23	72	36
17	41	97
19	44	92
83	43	79
62	67	25
84	20	48
55	55	78
17	36	26
23	83	92
48	88	17
64	13	96
19	59	50
10	95	68
55	40	58
16	89	25
66	65	73
40	27	21
38	30	96
34	49	92
17	16	94
98	98	27
31	65	16
86	48	75
51	67	47
44	81	13
70	40	93
53	72	65
69	20	53
37	18	55
46	69	60
96	35	42
66	80	52
69	82	85
28	24	45
20	33	28
26	47	57
62	87	93
50	69	72
22	21	23
80	38	57
34	87	81
81	68	14
19	76	53
55	30	47
13	43	52
22	81	29
78	92	88
45	44	82
71	85	23
50	50	43
21	39	45
46	36	50
32	51	31
38	23	99
69	16	47
83	34	28
38	81	48
91	44	17
10	28	91
42	69	38
80	59	31
30	30	20
10	71	75
73	60	93
28	32	82
51	32	89
50	34	55
24	37	16
37	31	22
90	67	75
92	79	15
38	21	88
21	43	17
66	79	40
22	12	38
73	87	83
23	91	40
36	34	88
40	84	11
18	16	27
14	47	67
69	28	21
71	92	37
43	33	15
58	99	64
59	77	45
86	71	54
51	26	66
80	87	79
83	80	80
57	77	44
45	77	65
52	93	75
30	91	23
55	48	54
11	43	45
28	86	49
32	68	79
82	30	88
35	41	33
50	73	71
36	99	91
23	73	11
50	54	68
72	54	23
10	71	99
83	20	68
91	76	74
60	74	71
17	63	73
97	39	18
39	71	89
61	95	77
93	26	88
19	84	52
76	54	22
79	67	77
36	66	13
48	85	78
88	44	47
27	86	59
99	25	16
22	83	10
54	34	23
53	10	25
91	74	47
94	67	98
92	12	79
36	46	65
53	69	34
55	96	13
95	55	54
38	66	95
71	35	56
23	79	75
42	48	40
32	58	67
82	45	25
45	58	55
23	37	89
54	17	23
55	13	84
86	34	18
49	51	39
61	44	37
62	77	10
53	66	86
79	79	53
74	53	18
54	79	25
76	39	17
39	34	91
76	54	85
22	23	12
50	86	51
49	53	24
78	91	17
46	45	94
26	71	25
18	84	41
41	75	81
95	54	30
27	83	46
67	37	12
31	10	20
23	53	59
31	42	23
88	29	23
53	60	70
78	49	97
88	40	20
66	48	38
60	33	93
49	61	86
30	25	57
98	45	91
21	28	97
11	39	43
51	97	20
25	13	77
80	11	39
78	80	43
41	25	15
92	51	30
30	69	58
26	68	10
41	79	53
16	99	96
51	98	58
72	91	80
61	20	85
38	52	41
25	24	38
58	31	68
51	57	48
92	39	89
51	16	36
11	21	51
53	20	71
66	25	70
41	34	56
94	56	62
54	43	13
39	41	62
88	52	32
96	33	68
51	32	93
88	13	96
86	23	87
49	98	73
47	66	99
21	65	35
80	51	28
22	91	72
66	72	17
66	10	36
27	81	51
29	49	57
29	76	34
96	61	23
97	48	79
36	60	89
16	12	27
11	78	64
32	92	84
18	90	37
26	65	67
85	54	75
70	46	48
13	41	76
71	51	82
52	72	32
26	51	32
98	34	43
31	54	58
45	60	17
34	20	22
18	28	82
80	45	25
47	64	91
68	93	51
71	31	49
75	96	64
66	31	73
40	88	52
29	81	85
67	38	70
55	51	68
42	44	29
29	62	17
69	54	23
32	17	43
69	52	62
49	21	52
63	39	35
14	79	81
57	33	96
22	80	43
80	76	85
37	84	60
25	93	46
54	37	41
59	72	36
31	22	53
25	54	79
35	24	16
66	60	90
40	59	97
46	70	92
99	54	37
54	46	11
26	52	18
43	48	75
27	65	54
45	89	64
64	30	78
20	66	65
65	97	61
55	56	31
94	86	22
69	89	98
39	13	98
51	21	30
47	94	38
64	31	25
19	20	51
24	92	91
32	23	66
57	65	72
32	64	11
24	80	56
50	10	54
25	39	71
40	90	17
11	69	87
49	81	70
58	91	21
96	48	92
42	37	11
79	32	95
39	19	45
20	88	25
95	15	35
28	60	88
83	39	68
93	77	84
27	58	92
17	69	38
40	32	72
41	96	28
82	56	18
58	68	88
64	18	97
73	25	50
16	42	87
33	85	46
10	77	25
13	92	32
38	88	14
89	32	78
75	32	62
53	34	54
85	23	43
53	76	87
50	34	64
18	72	65
46	66	38
12	63	20
14	53	97
91	32	34
89	27	42
82	87	53
30	96	28
99	28	83
11	61	63
72	77	85
78	70	93
33	18	44
79	45	16
28	35	19
38	75	24
88	62	41
14	83	91
67	70	53
57	64	84
13	61	88
17	77	46
69	12	36
54	16	84
16	11	43
44	87	57
89	37	32
95	15	16
26	15	53
14	27	39
78	80	22
69	79	66
11	81	43
86	63	92
64	68	42
38	47	52
52	40	94
80	62	40
74	37	52
75	70	71
16	37	91
22	80	94
99	64	31
41	22	34
14	91	75
25	86	57
41	99	62
81	11	44
21	26	70
49	50	46
69	52	25
82	72	52
89	17	92
54	15	54
23	19	19
67	97	41
93	58	54
81	68	45
49	31	14
54	66	10
91	19	11
80	13	99
23	64	23
19	25	44
80	76	24
69	40	10
17	27	94
97	21	68
76	76	29
53	16	31
81	42	36
53	17	46
48	22	32
97	72	60
67	95	86
92	43	95
22	55	34
17	96	90
10	73	65
99	71	93
43	99	97
84	31	45
23	23	54
70	23	91
61	14	57
82	45	76
72	42	25
80	77	61
95	15	77
23	87	73
84	51	12
66	99	25
17	84	43
93	71	95
87	79	54
56	43	39
62	20	94
78	93	32
16	40	22
38	65	36
88	44	89
12	85	33
71	22	37
83	77	17
15	82	11
36	45	22
44	70	94
72	12	98
60	40	50
59	58	40
17	95	29
46	20	21
41	80	61
78	99	69
15	53	68
45	14	52
73	27	32
85	11	91
49	21	48
15	80	98
13	26	61
38	38	44
51	39	58
30	36	85
55	41	53
60	46	34
23	57	30
12	11	41
47	35	31
95	86	52
30	48	69
51	95	98
76	61	12
14	53	40
81	54	18
23	65	92
87	58	58
63	90	90
29	98	43
68	82	90
37	42	80
40	35	69
60	81	98
31	81	38
71	16	92
47	56	15
28	10	74
84	68	97
35	54	95
86	85	71
86	81	61
99	20	55
37	84	79
75	59	78
86	63	52
50	68	42
30	58	28
25	74	65
17	26	42
81	81	13
79	74	44
61	47	67
63	99	18
25	13	99
46	56	23
38	62	79
54	67	45
55	16	11
38	72	14
74	96	72
31	37	39
74	71	74
72	16	39
58	44	42
14	66	21
79	32	24
68	82	96
92	67	58
72	57	42
65	25	34
31	94	56
13	38	84
63	95	67
97	86	27
98	57	32
71	38	98
33	98	27
93	52	53
25	23	35
57	24	37
72	33	90
41	41	76
62	71	18
10	64	36
84	54	33
39	60	32
65	42	38
22	31	42
88	71	76
36	89	67
56	26	92
51	19	54
31	75	50
30	47	19
46	22	28
44	92	72
49	17	72
63	96	73
76	27	26
23	29	19
40	65	39
72	28	43
76	45	31
41	83	56
96	50	66
98	17	82
84	24	12
59	57	58
34	64	36
66	94	78
50	11	28
98	99	89
28	80	33
29	71	86
46	69	70
97	25	36
18	85	73
73	76	73
43	84	56
37	43	10
29	59	20
98	72	17
55	13	24
32	24	99
42	34	93
64	69	69
11	17	87
24	30	65
89	59	52
20	97	76
11	70	35
76	53	96
42	58	63
83	36	30
57	48	86
87	50	76
71	95	92
79	21	30
23	98	82
63	32	55
38	74	92
65	98	72
81	75	45
42	50	13
48	85	46
81	28	48
35	99	55
44	74	54
57	77	90
52	41	52
81	72	40
33	55	25
12	33	95
81	85	57
29	71	32
68	61	31
28	26	87
75	79	10
23	62	87
99	87	61
63	87	99
69	31	35
15	68	26
13	77	49
43	21	84
77	64	29
69	87	41
87	59	82
96	16	12
48	63	59
60	51	83
48	26	82
43	21	33
30	62	88
51	25	68
22	47	94
11	45	25
90	29	88
47	67	26
87	10	86
61	40	56
54	54	93
67	60	75
63	11	26
27	80	20
12	35	73
17	55	67
99	17	39
46	31	75
85	25	93
40	81	51
49	81	61
82	71	18
20	11	46
60	37	29
62	66	98
23	84	30
61	34	78
77	49	15
99	67	65
59	69	19
38	81	89
75	90	91
70	40	56
78	69	47
46	12	63
57	71	31
61	14	77
18	96	74
40	21	27
76	40	24
27	59	57
76	50	76
40	38	95
53	26	54
84	93	12
80	62	35
42	65	76
52	84	96
93	21	10
49	19	29
46	22	28
16	27	39
34	75	69
26	94	98
47	83	12
77	21	92
63	86	95
88	19	50
87	51	18
38	88	31
34	54	92
59	10	79
10	25	27
49	17	55
48	23	87
24	87	75
86	82	76
33	44	32
22	83	56
83	12	13
17	35	29
33	62	23
16	41	40
52	99	33
83	87	63
57	72	88
55	62	18
36	27	44
93	64	79
38	22	59
39	93	86
90	57	91
15	58	94
18	16	45
58	84	59
23	64	23
46	63	31
97	66	32
90	65	21
30	37	89
28	67	69
29	82	25
97	53	89
39	18	21
48	76	68
97	81	13
76	86	22
60	67	49
48	69	99
56	58	63
60	56	78
82	15	46
36	35	57
96	39	84
11	60	42
72	58	61
64	86	71
60	36	92
98	41	24
45	68	66
64	28	39
17	40	94
24	28	94
78	15	10
27	59	19
52	81	95
41	50	83
65	16	86
23	92	39
88	48	69
81	27	13
61	63	41
84	24	55
21	86	88
11	11	52
32	28	78
82	25	73
93	39	66
89	31	78
72	93	45
96	74	46
88	11	65
29	88	48
59	43	11
76	83	63
10	94	24
18	28	54
40	26	85
46	12	18
31	86	36
92	92	41
12	52	43
88	40	35
78	23	55
81	36	19
97	39	53
94	31	81
98	73	44
22	75	67
75	94	89
70	66	78
97	24	64
54	27	30
98	60	89
62	17	31
32	80	58
14	64	10
31	98	56
32	63	59
50	48	72
46	95	30
33	42	47
73	35	24
12	32	64
43	42	58
87	98	36
72	46	80
81	75	14
71	13	45
70	33	89
20	48	62
24	20	90
13	55	91
61	57	65
33	34	86
43	36	51
69	60	66
11	37	16
44	38	13
66	51	32
55	79	67
19	67	32
45	41	99
47	89	82
65	25	56
27	66	37
38	58	59
55	38	89
38	69	77
96	25	16
51	69	67
41	44	97
23	57	26
79	75	71
99	55	20
34	64	17
35	46	79
90	68	49
47	76	77
16	78	96
50	24	92
75	73	25
96	69	68
32	93	80
38	77	83
45	17	52
59	66	25
38	52	11
95	68	40
99	32	63
14	62	84
15	43	55
80	79	62
57	99	47
84	41	56
26	26	72
19	51	27
53	67	37
41	75	94
57	54	29
97	74	45
48	17	27
16	33	94
50	91	82
21	76	99
67	50	15
65	55	94
40	94	16
63	91	56
24	64	11
12	32	34
16	39	51
95	15	43
91	36	55
32	33	53
95	48	80
33	75	26
16	81	67
38	82	14
88	46	10
90	73	83
33	10	77
37	51	49
98	74	62
68	97	34
90	73	35
15	92	53
55	69	17
41	96	26
60	52	20
68	71	33
52	43	61
56	29	28
19	39	92
51	62	91
67	65	54
60	24	41
41	72	17
74	70	88
13	70	19
90	74	66
80	76	42
28	32	75
30	38	87
21	57	39
26	80	57
40	34	10
73	90	48
81	15	17
70	70	19
28	24	51
52	66	97
74	75	14
50	65	40
91	56	63
95	38	40
11	66	30
46	41	13
64	55	24
20	75	42
35	76	44
62	88	84
58	14	23
47	28	16
31	39	61
28	58	82
37	54	70
68	80	73
24	95	26
56	20	76
69	28	46
23	82	26
17	89	80
88	45	10
35	15	86
22	69	83
77	65	92
97	43	24
58	44	57
82	52	28
68	79	57
83	24	42
37	71	47
29	71	72
72	89	82
17	13	69
40	97	55
99	85	49
76	22	88
26	94	53
93	21	30
67	93	15
10	13	50
94	31	15
46	28	29
28	21	46
90	87	88
49	53	73
73	20	27
64	67	42
41	23	94
41	94	60
37	85	77
59	31	23
67	78	99
61	53	48
71	31	68
56	85	54
42	77	67
42	85	88
39	14	19
49	76	36
33	62	42
83	37	38
52	31	20
69	13	46
68	36	89
68	60	40
66	10	51
68	93	89
31	86	88
50	63	80
76	75	43
60	32	31
19	81	94
31	51	55
14	97	35
40	29	98
50	92	76
12	15	79
26	72	47
74	77	11
97	10	23
28	17	86
80	71	98
73	55	24
93	26	37
77	60	93
16	94	93
58	53	59
55	88	67
67	48	81
89	69	24
85	29	62
96	47	91
91	38	59
87	20	79
48	20	43
30	48	64
71	82	36
76	90	38
86	10	26
15	91	20
12	23	96
64	76	55
58	55	65
10	58	28
69	92	48
18	97	79
67	73	61
96	54	83
62	25	47
99	47	93
23	32	58
31	16	47
28	67	14
52	32	25
30	56	45
47	89	45
91	29	14
67	21	44
55	50	58
92	47	75
51	92	77
35	54	35
28	50	49
76	55	58
21	85	72
16	40	66
41	29	12
20	51	76
94	79	94
56	32	36
86	16	43
54	54	27
32	12	17
19	63	32
43	76	33
66	85	67
76	71	98
69	28	98
60	35	84
90	87	17
99	92	29
31	25	72
56	71	85
73	99	32
18	28	74
29	92	13
86	26	40
99	89	95
12	91	57
71	58	70
85	13	77
34	13	26
33	13	50
49	46	72
19	89	55
21	14	88
71	21	78
97	46	77
11	72	76
74	10	80
22	32	60
39	88	72
54	42	36
78	15	70
58	20	60
32	97	66
83	59	26
92	18	92
98	80	19
52	69	59
88	38	93
53	58	54
32	75	68
52	48	30
11	32	27
84	57	49
53	69	69
94	61	49
70	66	99
46	28	71
79	26	12
92	53	60
61	76	41
94	92	74
99	17	73
92	34	68
64	76	14
44	23	80
91	18	52
25	87	32
43	51	18
63	33	14
40	40	12
17	16	61
72	17	80
42	65	66
50	12	59
20	57	41
45	42	23
49	72	62
56	53	79
70	28	77
67	48	95
28	83	72
98	14	81
34	80	99
37	18	23
49	34	84