12000 950
52
28
59
42
39
48
54
18
51
32
26
43
20
18
30
26
18
46
37
23
11
25
58
59
25
17
14
42
22
53
59
21
57
14
51
55
35
34
16
30
54
40
12
46
41
33
39
25
30
20
49
27
46
31
27
41
42
29
57
11
30
13
19
14
48
10
27
30
54
27
49
34
59
49
19
49
11
55
47
56
34
57
48
25
10
56
42
10
48
59
49
18
19
11
44
53
58
46
15
31
54
50
50
58
28
40
34
47
10
47
57
57
43
28
55
58
23
33
51
31
46
32
11
57
41
13
40
57
14
23
44
26
40
56
23
19
50
26
16
29
30
38
20
59
37
51
10
39
47
25
57
59
20
29
15
39
44
26
38
36
36
47
15
55
24
30
13
52
32
29
47
29
54
10
55
36
49
44
28
14
47
12
28
11
55
17
20
58
18
39
41
17
37
51
16
52
57
59
56
16
53
46
10
17
41
20
46
38
29
51
43
19
19
30
15
51
51
58
15
50
40
10
21
59
44
43
54
50
57
28
44
56
53
57
17
26
50
11
41
42
55
19
53
28
36
15
48
24
19
40
38
49
16
57
57
57
50
33
17
56
44
23
26
56
28
22
24
40
43
43
14
37
40
32
53
14
56
26
49
10
33
39
18
37
48
33
54
13
49
58
36
16
52
54
46
17
25
59
53
26
12
58
22
19
23
44
52
54
52
36
25
33
15
20
15
29
27
28
43
48
30
29
14
58
49
34
45
30
47
41
56
20
43
13
59
25
24
56
30
33
21
58
11
54
35
40
47
53
52
21
15
13
55
11
21
22
44
27
56
32
26
21
50
19
44
22
19
26
58
36
45
26
18
19
33
54
21
30
45
59
50
49
21
59
13
22
20
22
50
13
36
26
18
37
15
50
28
24
34
36
26
24
45
58
14
14
13
34
34
45
14
34
11
52
47
49
19
39
17
32
20
48
35
34
58
55
55
50
11
57
16
42
23
27
45
33
17
40
14
49
52
34
31
24
40
53
40
58
29
19
12
39
48
16
28
13
29
26
14
35
34
51
43
25
52
30
38
59
38
23
44
21
32
59
53
39
21
24
57
34
56
13
42
13
12
24
37
27
36
24
18
36
49
36
29
56
38
49
13
18
40
44
51
52
40
48
41
16
12
22
57
16
49
29
59
50
41
47
30
54
26
53
19
57
16
26
10
47
11
51
42
53
53
15
25
53
48
17
11
51
38
31
17
51
32
36
24
30
57
27
55
27
42
50
37
25
55
15
14
39
51
53
28
51
42
58
21
15
43
14
55
56
21
54
10
30
31
16
39
41
42
23
10
44
26
18
49
18
42
46
48
53
21
12
33
40
19
37
27
32
46
44
51
49
46
51
39
10
56
15
57
51
49
31
39
37
38
32
27
44
13
13
21
15
12
28
13
29
23
37
27
34
41
20
38
47
36
35
33
37
53
13
13
49
28
38
16
20
51
22
16
49
44
53
48
58
54
58
20
42
59
17
10
31
13
28
26
59
54
19
31
42
14
12
55
23
58
50
47
33
40
26
15
38
44
21
15
22
27
40
51
40
21
56
47
54
17
56
45
42
28
18
35
55
12
57
41
44
47
31
57
10
20
40
43
19
42
56
14
33
42
26
47
55
17
29
54
55
28
56
57
33
35
52
10
30
37
18
48
38
38
15
15
36
58
23
57
42
24
26
12
58
18
58
59
20
30
27
57
41
43
57
26
38
41
28
38
53
30
11
10
54
41
15
41
41
19
27
10
44
17
16
28
19
31
37
38
11
52
19
37
40
11
51
20
33
11
29
54
32
17
39
45
47
32
14
33
31
46
36
24
28
48
40
59
48
29
22
53
37
56
35
27
54
17
11
15
50
36
53
44
38
10
43
10
28
14
41
32
18
58
32
57
21
28
57
10
25
17
42
14
44
10
57
47
40
38
10
10
52
57
56
35
21
55
14
48
30
44
32
21
17
29
37
10
22
59
43
21
49
44
21
11
22
51
24
53
38
34
19
13
50
15
52
40
16
25
42
36
50
15
19
55
20
19
10
24
57
36
41
11
40
43
59
50
17
18
27
40
14
41
30
41
34
57
31
54
21
52
54
53
53
46
35
41
20
55
40
53
14
30
53
49
24
13
46
20
46
38
39
