4909
45
60
829
269
2893
254
190
85
33
1654
405
61
729
98
4676
354
91
669
286
5879
53
117
823
81
1320
134
4
973
142
5848
567
124
164
102
2782
559
3
18
5
5567
44
37
868
53
5087
292
132
924
179
531
349
43
160
161
4372
293
95
557
202
1552
242
195
609
40
1983
32
28
387
259
5076
351
88
660
7
5433
541
143
644
127
4400
336
19
375
115
2353
437
92
625
184
5845
273
89
342
224
3143
58
115
732
254
4762
206
55
60
225
3013
85
111
134
189
4956
462
166
133
282
4183
185
120
223
223
3609
356
103
772
267
2342
83
19
911
150
4844
195
197
796
189
2331
171
7
624
265
1500
104
65
993
236
1216
373
62
398
15
1291
298
70
988
73
1197
497
100
169
108
2180
26
128
632
247
3002
471
7
503
166
2465
163
195
339
148
2566
161
104
985
206
4606
495
139
858
86
1858
583
199
550
129
3360
470
173
262
156
1235
317
138
167
86
2503
351
161
844
192
5651
312
5
494
245
5584
183
103
482
178
3229
206
157
345
154
3168
472
97
72
298
3760
244
142
818
86
5387
345
71
697
81
1088
9
170
217
103
4730
574
100
732
149
1526
160
76
669
294
5165
446
69
652
227
3776
60
147
849
4
3205
484
39
206
276
2129
570
163
211
123
3137
294
113
3
218
3420
170
150
573
222
2156
14
8
836
128
920
136
140
938
192
484
166
3
202
243
5882
457
59
811
43
1822
268
34
257
137
2225
105
69
925
56
2071
208
32
109
196
3058
458
71
779
230
761
148
176
570
99
1468
291
73
189
223
4846
591
188
427
130
5469
511
157
376
16
5863
528
155
749
88
4402
68
179
546
90
1299
241
103
44
5
333
340
120
925
64
5314
486
31
178
114
2151
242
147
672
223
3941
586
196
722
236
1477
282
26
274
179
782
353
163
888
159
2429
280
179
409
114
2069
151
172
161
51
1000
433
119
367
281
1974
226
44
803
193
1437
251
159
254
231
3507
260
65
328
25
1777
594
53
648
292
5342
304
65
291
119
2430
69
164
552
186
3143
523
152
337
80
4513
220
3
244
87
5912
403
128
638
238
5462
555
106
77
262
1051
271
189
390
14
4934
31
186
404
71
742
358
48
631
74
4272
402
197
59
99
5577
585
5
358
297
1307
517
137
495
146
2875
349
148
678
134
428
553
74
290
133
4202
261
122
5
50
2325
257
5
390
25
1442
562
94
745
283
1197
256
118
399
248
5755
218
87
915
227
3248
512
112
183
52
4734
177
139
613
189
2961
218
4
191
181
4729
510
59
411
74
3251
65
199
734
74
3867
198
194
462
146
2019
3
139
245
187
3205
519
165
213
88
5664
143
172
113
135
5013
243
80
796
12
652
39
4
667
65
2596
512
166
934
159
2746
193
47
126
88
2955
401
155
566
20
5537
12
16
116
91
1813
148
177
283
123
1431
558
35
421
113
1626
586
5
27
57
4080
20
178
681
251
3730
5
146
818
287
1001
378
166
726
35
523
588
181
363
274
1108
581
109
522
88
3158
86
162
748
7
3091
384
149
373
116
5329
76
80
278
204
1787
308
13
324
73
3648
58
90
303
87
1740
42
132
111
5
4269
292
74
388
93
2865
114
197
794
132
3155
529
92
337
68
5759
346
125
681
185
4027
540
44
276
205
2574
415
102
457
220
2670
586
127
365
203
2405
453
5
967
61
645
316
54
881
216
4353
381
22
74
99
4272
265
196
494
101
4862
158
19
702
264
4709
407
105
60
299
3290
147
19
659
248
1228
337
132
476
153
863
377
68
556
287
4756
347
87
126
6
18
597
28
28
260
816
395
62
85
125
2565
598
42
883
51
2874
324
90
245
37
895
468
101
983
57
1092
554
107
743
26
1238
146
80
38
298
3318
62
13
792
207
3269
150
114
57
24
874
249
91
384
144
1509
74
38
999
261
1330
294
31
836
205
1272
72
113
996
63
1102
357
34
888
185
2246
284
132
553
174
5389
124
89
901
14
4594
279
30
262
251
496
32
80
166
231
377
568
46
106
144
2547
409
115
843
269
3304
145
113
766
31
4662
276
127
418
292
88
25
51
789
275
4473
579
61
159
39
782
115
21
115
166
2565
146
111
72
47
1296
377
120
5
148
3138
538
77
156
18
3730
249
196
191
227
122
414
88
187
220
2752
225
83
713
230
2152
141
90
210
203
3198
543
112
261
227
2312
263
50
292
118
5084
346
29
98
152
4287
124
163
356
160
4422
481
73
337
209
5040
126
178
234
41
1727
267
35
477
158
4298
510
144
433
111
3490
261
29
791
266
5285
135
63
204
16
908
251
19
675
282
4383
322
45
563
275
1048
328
3
155
32
2414
240
134
571
237
5180
290
76
983
286
1803
392
115
450
245
3681
534
137
180
295
5208
209
100
535
239
1074
374
31
515
59
200
249
198
682
145
2881
332
149
412
57
3999
22
22
722
192
459
576
155
746
91
1703
517
167
169
72
321
539
27
774
183
1434
195
173
785
276
5304
396
178
965
101
355
85
54
989
95
4981
141
155
894
216
1311
508
82
210
274
1023
346
164
442
129
3486
250
194
799
285
2044
102
65
802
227
2496
39
162
409
73
850
353
170
849
123
4902
71
48
53
118
2349
548
131
870
224
1842
501
90
533
226
3846
100
94
38
293
3952
545
195
137
91
912
21
10
965
231
3484
436
194
32
184
2767
106
184
404
167
2563
309
91
52
134
3477
368
55
653
181
5847
69
162
871
225
5444
85
20
749
72
2132
546
137
98
50
3481
517
83
919
88
2785
147
13
478
165
856
272
184
688
217
3222
454
69
361
239
2788
548
20
281
212
1910
44
34
161
61
3096
495
71
884
260
4305
117
71
359
41
4369
28
66
319
182
2724
131
83
24
211
3582
337
65
299
211
3993
455
27
211
292
2342
44
181
273
10
1896
57
7
818
5
2048
239
197
221
20
2505
348
156
672
75
598
395
29
456
182
5719
299
11
180
61
5753
34
29
383
224
3921
83
12
284
87
2153
107
119
17
109
1185
344
21
229
85
508
584
93
958
262
4390
556
90
666
24
4905
22
171
614
14
1701
151
121
472
124
1666
312
99
380
268
5526
37
25
92
122
2277
235
165
893
35
5904
355
37
507
5
4354
413
78
201
142
1933
191
196
969
24
5669
580
126
813
5
3384
284
17
64
286
4019
479
71
256
210
2551
124
193
494
19
4146
38
19
454
207
3533
75
59
905
171
3612
47
32
11
139
2467
454
3
885
166
3054
304
24
551
104
5563
198
27
499
14
684
211
97
905
116
5280
521
35
122
125
2625
106
35
493
105
3542
383
69
791
87
4002
115
16
939
166
1103
565
109
106
229
1552
593
159
855
137
1493
355
51
621
175
3247
347
178
465
35
1992
196
125
198
227
1733
589
69
207
114
5527
163
109
349
61
5629
194
14
359
48
2689
226
64
35
31
5989
230
145
206
225
531
180
122
821
66
5137
187
69
349
142
1655
386
118
473
160
5856
26
181
416
193
1307
303
106
304
200
5723
5
118
94
227
5432
154
27
457
88
3726
395
145
127
104
3757
585
144
884
265
4828
472
170
498
38
5724
287
61
560
159
3497
460
61
152
80
5115
430
50
589
170
110
302
26
179
274
1906
191
155
67
6
1453
468
129
419
259
999
91
19
966
241
2562
569
115
925
213
5125
209
114
858
149
5453
433
26
315
260
1800
392
134
583
243
3814
420
48
539
87
4808
71
178
287
30
4197
372
57
784
42
419
555
41
468
18
5814
447
183
570
33
3119
388
66
552
169
3076
289
102
155
50
4359
423
7
635
272
4414
275
57
755
239
1725
261
69
173
239
2243
267
40
522
252
5344
468
134
428
231
922
471
67
723
176
1304
65
26
615
124
2180
532
114
558
97
3062
275
32
773
247
507
179
31
755
57
401
167
198
314
83
5676
20
122
864
226
5701
72
112
166
173
1072
182
146
758
130
2918
523
128
196
99
2586
369
179
604
205
5131
375
116
532
156
5627
71
163
336
140
1971
166
141
803
112
2333
538
199
193
193
4681
338
80
322
211
1164
381
158
983
254
1978
81
17
179
270
1942
324
5
643
192
359
292
79
288
31
1254
98
168
821
282
3201
370
141
959
271
1741
135
51
828
98
1812
195
166
489
41
1153
163
105
902
15
5091
521
70
551
175
1757
101
22
217
148
176
477
194
41
94
4268
258
9
273
183
590
168
40
314
101
4406
392
181
149
273
5621
381
187
770
28
3990
158
30
374
183
731
67
8
333
89
3039
212
158
175
128
4566
136
51
292
285
3401
400
8
212
255
3832
156
192
304
167
2362
514
40
947
194
2688
166
134
661
146
5912
144
173
15
249
2281
517
146
720
45
4260
228
129
817
158
5982
133
188
524
292
5163
89
147
775
271
3894
91
168
526
294
2898
333
118
803
290
1960
480
4
378
141
4658
317
48
152
254
80
126
76
421
195
1350
202
29
687
188
5013
301
18
110
55
1361
10
41
740
200
925
471
168
850
60
1173
119
112
53
59
1986
544
116
927
267
2624
462
84
874
226
878
245
181
175
39
4941
426
182
194
73
4551
194
100
483
208
1363
221
106
220
136
160
464
18
489
89
5567
551
32
217
223
2740
356
66
985
156
4469
527
133
718
112
2912
170
73
810
131
38
243
20
233
199
409
142
40
418
218
2231
189
83
878
61
5428
327
139
448
235
982
596
103
961
284
2089
421
162
844
291
4458
244
56
50
87
3128
491
186
553
203
1316
235
182
257
45
2569
276
157
514
141
5634
352
183
23
82
72
534
27
284
94
2196
253
71
447
295
5788
20
73
588
204
517
369
28
770
170
4628
49
51
811
156
5320
548
60
372
9
936
292
51
775
83
3781
407
129
236
93
4779
20
92
272
55
2363
56
40
831
115
1936
265
29
456
151
5576
380
65
763
128
2711
73
197
416
248
2858
465
118
309
15
2440
582
181
457
231
4420
371
197
625
38
4752
428
93
987
212
4277
203
160
271
104
5980
211
176
806
258
4042
29
9
443
212
3708
302
178
779
293
2111
321
138
686
230
1865
389
140
637
191
4428
392
199
707
34
821
584
63
960
16
329
53
20
597
29
4122
342
108
916
152
1730
494
137
8
107
1059
389
23
504
11
2090
389
48
169
36
114
31
68
327
171
3862
110
185
723
277
1575
261
18
589
23
4440
63
157
128
104
5486
579
197
350
281
2929
515
162
922
212
2430
507
186
475
23
3811
138
42
344
259
624
536
192
84
28
4443
333
105
424
89
1451
518
23
819
62
318
37
198
387
25
4706
222
15
16
155
2505
302
123
511
133
3058
534
88
263
73
121
10
180
256
59
5596
200
77
624
139
3245
437
22
267
7
3436
144
165
260
24
4403
532
189
566
203
1414
562
5
980
236
2102
253
170
574
56
309
94
146
188
45
2705
588
76
551
293
4127
235
70
487
261
1617
38
36
183
153
795
32
67
579
288
5971
191
81
836
34
707
526
107
80
291
2488
303
127
109
188
4520
303
79
588
296
5055
352
105
108
155
1717
145
133
62
16
5989
491
30
225
46
785
342
109
436
257
4861
513
54
514
137
4581
254
14
553
227
3760
394
149
590
36
2448
476
60
317
248
5255
125
94
25
292
3570
210
82
953
149
1092
576
191
728
53
5919
190
5
651
226
5169
102
23
304
128
2045
42
112
104
224
2023
162
45
608
295
3607
229
48
539
258
2472
6
23
54
172
3995
418
4
412
40
546
468
129
562
290
4234
56
33
597
190
3148
472
61
205
48
5469
440
70
744
173
3628
43
94
789
102
5105
30
12
729
228
3859
29
30
970
197
3334
372
132
641
83
3043
127
129
905
101
3747
420
182
893
199
5594
207
55
834
158
114
185
172
219
34
3927
20
88
834
297
2852
381
67
548
181
1742
41
141
466
20
2353
254
113
452
215
900
82
33
64
248
1780
464
63
440
191
1481
456
88
525
187
2840
463
162
914
258
5932
216
72
288
112
5181
382
161
765
41
3568
444
81
501
289
3101
520
75
5
208
4211
191
179
911
107
3177
374
36
842
178
3719
366
130
590
218
4732
463
175
690
289
3959
578
110
303
12
3032
211
188
559
32
3636
238
161
220
47
4017
277
90
929
253
1437
271
193
168
155
5900
53
163
771
53
4465
593
136
38
10
4427
460
118
868
255
1058
408
125
736
297
1338
482
86
430
18
1956
191
189
846
217
1246
598
76
786
17
2496
321
34
382
108
3702
427
153
187
126
5411
520
117
76
200
3355
496
46
178
88
1078
394
77
711
255
2553
24
167
312
247
4441
230
161
808
131
3845
304
48
373
111
3066
20
48
8
47
2747
439
174
178
50
2283
460
40
492
263
4548
89
92
531
281
3461
524
91
360
204
3103
36
155
639
8
305
350
171
805
234
870
248
75
553
117
4155
100
131
144
133
5836
108
63
929
203
2953
28
142
436
238
3823
346
176
326
192
2385
573
46
151
34
4777
546
79
709
220
2066
462
181
138
73
2454
128
62
915
212
2023
447
169
960
160
19
523
84
8
43
3402
318
10
912
298
4419
560
101
28
194
371
468
121
194
100
4333
84
114
191
116
2538
159
193
617
91
3914
64
54
616
34
5540
294
78
564
50
4884
431
199
142
152
2847
423
56
265
194
3339
83
130
625
243
5177
179
45
621
216
1807
337
86
608
102
3769
396
178
914
217
3428
233
8
26
156
22
87
86
683
273
4302
589
140
970
224
3074
273
129
804
75
3742
157
153
841
259
1510
170
77
799
263
4878
488
73
540
22
999
59
125
104
242
4305
521
108
708
12
1914
516
92
861
249
1039
8
17
664
30
1856
372
39
160
80
4314
455
126
804
29
5417
367
32
895
174
2482
497
108
995
159
4530
430
12
835
164
2349
492
104
968
211
4794
435
140
437
229
3274
539
93
836
26
5751
142
148
609
30
4235
418
113
280
125
2067
282
18
131
104
3552
336
72
613
263
5385
140
132
97
90
1057
545
144
128
10
3090
217
141
905
172
3106
586
90
732
252
4161
151
48
551
108
1965
380
114
90
52
5911
320
170
959
57
4346
344
128
309
277
4785
584
87
245
270
5889
459
37
556
248
3691
65
126
771
55
3865
594
22
735
291
3252
201
126
954
14
5883
306
149
713
254
5658
200
28
806
13
4318
488
199
650
114
3373
268
3
261
167
5252
541
16
775
164
4405
278
181
336
115
2773
204
96
196
276
2826
10
94
706
265
1687
581
164
728
139
4981
595
92
355
123
570
191
74
396
52
465
258
194
165
34
2876
256
160
422
174
2274
197
160
728
272
3266
583
61
375
83
5440
47
70
311
215
4453
12
110
926
86
860
581
17
22
253
245
27
61
591
122
5126
98
80
146
25
3004
114
146
445
259
731
5
199
118
80
5994
46
132
447
112
2859
524
175
133
131
2463
144
155
885
260
2990
398
143
968
126
4457
405
41
226
65
3311
162
21
59
50
803
583
193
754
253
5779
231
172
217
279
5876
170
53
708
202
1556
246
169
577
110
2745
174
5
695
157
1938
523
86
230
246
1233
461
163
965
91
2633
162
4
40
271
676
481
100
38
133
2747
244
99
552
287
846
254
105
692
212
5053
565
54
229
156
546
571
126
396
217
1262
279
60
404
70
5928
231
161
672
76
3928
474
198
251
19
5495
225
176
272
204
4687
144
25
256
138
2974
597
159
519
244
964
103
20
313
70
5951
62
18
317
290
4531
371
171
437
16
305
571
4
163
181
4294
42
71
715
283
5819
203
9
942
221
5949
354
57
858
28
2896
412
135
17
22
4872
169
112
303
277
973
230
137
201
123
3257
583
126
914
29
537
488
77
369
79
3915
34
30
577
293
986
199
199
343
171
2180
165
12
88
238
2598
304
10
790
234
3512
389
169
531
58
110
575
74
759
3
4013
179
61
754
126
4530
79
197
325
228
4976
231
69
629
14
1604
580
108
120
199
3491
455
119
588
203
16
126
123
381
287
1230
576
47
338
270
383
581
50
666
11
1803
313
145
29
285
1193
181
43
484
278
307
249
50
94
126
5456
421
143
76
125
3261
308
120
365
166
5211
88
3
726
295
1793
429
175
82
109
358
18
113
637
143
4197
597
26
452
272
4733
425
28
915
298
2172
150
35
247
148
4720
550
72
473
24
304
177
98
500
189
2012
323
33
729
108
5274
80
16
596
215
3290
227
30
457
230
953
5
18
732
186
292
324
125
587
173
850
400
18
554
128
2426
303
126
821
171
1495
324
82
552
34
1369
101
115
527
283
2443
459
181
706
277
277
121
151
879
174
4771
546
116
152
66
1271
23
105
168
94
259
447
66
884
155
3707
354
107
617
117
5278
576
20
641
51
2254
457
77
629
114
1209
448
150
240
233
2034
576
52
331
270
1135
385
82
212
270
3971
261
4
188
91
2732
398
28
485
210
5002
484
187
981
253
2700
390
179
786
34
1775
594
17
107
53
3947
197
41
714
61
1428
330
178
738
152
5638
444
39
323
278
3228
364
53
538
283
3185
12
56
486
135
3228
446
124
98
182
4029
207
182
10
194
758
273
85
281
139
1695
550
40
472
271
4254
271
114
859
172
4133
432
110
163
194
3823
29
144
262
199
2963
556
158
131
251
3561
496
37
675
240
491
108
197
74
198
3676
491
161
581
223
516
102
152
522
275
5700
476
150
362
3
466
441
32
616
290
2132
75
13
635
93
5291
157
179
59
148
3043
440
95
501
10
4903
144
27
518
173
1940
97
53
213
266
4794
46
165
664
216
2078
10
74
104
91
2917
450
34
269
258
4936
162
141
29
123
1293
190
49
327
58
5019
357
128
36
193
1157
514
171
748
153
4830
262
46
336
44
2934
218
74
195
164
399
41
174
656
227
311
274
47
802
201
2888
496
99
470
265
4502
224
66
458
33
3771
536
84
756
16
2314
22
73
881
276
5112
567
10
778
38
4604
435
197
279
178
4413
370
10
77
9
5864
563
152
450
119
693
17
182
82
276
1030
387
22
600
111
88
53
71
880
245
3213
464
143
343
35
149
231
11
863
113
63
504
69
724
23
2683
163
183
484
241
4939
19
194
858
286
727
366
77
907
173
3881
155
34
257
148
1219
131
84
332
111
4380
583
9
704
272
1982
179
77
521
277
4450
102
174
73
298
3020
481
172
387
299
2479
598
29
284
219
4504
400
17
229
262
1372
511
117
112
22
5099
589
53
948
187
4928
133
173
983
251
2855
232
19
261
297
2401
214
6
335
287
4391
495
153
974
47
3975
126
31
645
208
5339
351
152
997
43
3125
322
182
762
52
1143
79
32
446
76
2183
341
165
236
142
5230
491
50
154
103
148
130
58
789
288
3660
37
44
288
284
5341
375
20
114
141
5180
266
54
159
230
3598
396
63
719
238
564
230
184
170
247
428
201
121
653
36
1822
146
24
800
169
766
547
175
498
109
4424
280
142
765
183
2566
328
18
385
223
2183
538
114
994
260
1356
83
10
464
262
3327
12
89
993
50
3711
192
94
593
192
4128
470
164
355
17
3763
403
31
557
118
3142
146
44
908
227
2434
403
25
931
101
5928
516
82
621
242
4302
10
143
597
298
640
46
99
745
17
3476
46
43
937
72
3325
589
98
68
105
1858
480
108
235
228
5676
115
107
254
195
4959
223
39
545
102
3653
571
112
564
86
2681
448
94
851
53
1972
273
38
690
235
36
221
68
268
149
5500
286
96
835
14
5484
322
48
93
69
1240
526
134
596
189
3608
253
185
779
271
3371
195
137
57
129
2943
15
169
468
193
2745
17
186
45
127
785
281
144
517
112
5455
303
76
621
291
2707
470
118
58
55
3504
264
112
362
281
3545
473
85
402
167
5474
413
154
447
231
1063
567
125
172
150
789
418
82
404
298
341
566
13
85
294
4237
244
158
284
18
97
279
113
107
249
2048
26
64
960
138
1322
438
186
848
238
3028
95
84
556
15
5320
18
31
366
264
3878
433
67
420
255
3030
538
97
384
226
4269
227
103
340
48
524
225
90
941
232
1955
6
43
291
143
3283
591
46
232
52
5914
183
40
226
55
3714
422
180
109
287
1934
145
109
92
24
756
384
16
396
289
3069
347
43
589
166
3816
302
9
943
91
3113
398
51
209
231
2430
106
58
153
162
2299
284
68
984
136
504
276
25
208
105
5435
542
167
267
199
2434
53
122
671
165
688
393
191
806
131
3951
591
67
321
203
5696
210
185
855
174
228
143
46
136
141
1050
227
167
591
119
3684
495
197
545
109
1896
338
123
603
127
4362
308
106
545
238
593
72
160
531
120
3331
586
196
685
187
1000
513
95
200
112
4416
490
73
408
247
4994
597
158
957
108
2307
439
64
429
256
3139
422
137
340
111
321
345
61
190
252
3819
506
60
920
59
2763
53
83
227
207
5461
88
25
720
288
615
196
169
169
5
4940
391
110
831
30
2775
100
26
828
96
965
305
35
566
56
5930
416
174
759
270
1772
188
19
739
283
2251
346
193
378
80
4354
437
27
172
5
5901
174
94
817
220
1757
572
117
906
158
2408
582
111
532
292
2455
272
17
268
216
3057
334
162
887
218
5306
120
151
559
178
2593
222
3
547
61
4184
133
11
23
182
2047
434
38
209
162
2424
11
86
403
258
1629
384
173
450
152
2560
286
116
90
255
555
118
6
310
29
183
580
5
328
83
1124
239
12
660
114
4711
220
120
344
96
5194
459
70
698
97
4746
300
110
38
233
1320
382
192
172
154
863
416
175
112
153
2621
4
21
126
201
5237
346
41
70
217
360
523
48
767
295
1960
506
66
985
91
3175
248
194
550
17
3300
260
178
145
71
547
292
98
831
265
5153
395
45
25
135
1282
175
96
314
215
2081
238
39
186
56
1797
217
178
806
294
136
20
111
69
36
2635
411
12
833
189
3438
229
81
881
38
4003
370
61
534
27
1418
558
131
832
213
920
142
140
956
281
4371
355
136
848
258
4952
62
31
902
3
3169
137
129
681
43
5790
592
63
60
156
4091
33
71
714
224
550
224
144
359
290
1214
588
21
896
271
5879
418
112
18
90
3382
276
80
522
169
38
169
195
688
223
993
552
128
435
76
4031
140
194
101
231
2705
228
159
933
242
3285
74
150
777
49
1610
256
59
758
287
1324
392
167
150
222
4860
238
7
614
241
1686
201
134
641
69
4475
435
91
246
255
1100
398
93
712
4
5297
317
39
523
142
4428
374
177
477
10
109
238
164
361
288
322
207
36
129
158
1271
271
22
545
125
3252
581
10
908
232
3338
110
24
133
257
1687
118
102
138
19
3940
269
38
606
64
2094
543
19
285
238
5029
289
67
183
241
2583
250
130
104
280
4614
344
195
702
143
5004
163
137
504
204
5136
500
8
64
261
4574
155
101
331
20
3817
523
152
112
280
444
506
188
329
128
5185
326
81
203
88
494
283
98
128
113
460
131
118
605
282
28
263
55
312
12
1032
547
64
34
89
5382
485
173
766
121
5936
199
71
77
244
1876
255
167
767
236
1742
460
75
951
297
2500
167
31
171
279
3812
341
125
287
76
5714
132
74
905
119
1637
363
144
724
117
4469
517
103
789
188
3469
359
101
522
225
2428
321
74
41
264
3707
389
138
835
230
2523
421
13
822
259
551
32
186
367
154
4102
26
130
561
74
3323
457
74
543
105
219
36
21
535
255
2501
509
66
24
234
3739
547
177
955
290
250
476
138
925
160
3144
398
28
6
20
2168
530
161
793
98
5128
167
30
482
219
2160
358
106
972
133
1451
434
182
586
267
4627
92
139
591
61
4561
41
89
7
248
2232
552
19
468
146
3200
24
107
696
278
2064
457
81
223
182
2665
156
144
478
88
4801
452
110
112
88
1240
112
43
587
170
4710
500
28
653
108
2638
298
12
483
273
1207
112
42
659
164
53
448
94
982
228
2999
208
193
713
8
3705
219
197
171
84
2078
493
189
129
42
3061
372
150
863
50
5679
117
47
565
27
3677
324
178
563
86
2751
428
47
825
20
2621
520
85
624
222
441
306
178
201
170
2269
142
16
517
11
2333
596
121
812
244
1826
66
80
621
124
